0,person,0,417,484,73,238,0
0,person,1,186,247,119,182,0
1,person,0,417,484,73,238,0
1,person,1,186,247,119,182,0
2,person,0,412,478,77,238,0
2,person,1,180,243,121,195,0
3,person,0,398,468,75,237,0
3,person,1,176,235,121,196,0
4,person,0,393,461,78,237,0
4,person,1,169,233,121,197,0
5,person,0,388,453,79,238,0
5,person,1,169,233,121,197,0
6,person,0,384,445,78,239,0
6,person,1,169,233,121,197,0
7,person,0,376,434,80,239,0
7,person,1,145,214,122,194,0
8,person,0,369,421,73,235,0
8,person,1,145,214,122,194,0
9,person,0,362,416,72,235,0
9,person,1,145,214,122,194,0
10,person,0,349,402,74,227,0
10,person,1,145,214,122,194,0
11,person,0,341,391,73,230,0
11,person,1,145,214,122,194,0
12,person,0,333,386,73,231,0
12,person,1,145,214,122,194,0
13,person,0,329,385,79,229,0
13,person,1,145,214,122,194,0
14,person,0,312,368,74,236,0
14,person,1,145,214,122,194,0
15,person,0,306,358,82,225,0
15,person,1,145,214,122,194,0
16,person,0,306,358,82,225,0
16,person,1,145,214,122,194,0
17,person,0,276,321,68,227,0
17,person,1,145,214,122,194,0
18,person,0,276,321,68,227,0
18,person,1,145,214,122,194,0
19,person,0,248,296,67,226,0
19,person,1,145,214,122,194,0
20,person,0,271,313,77,198,0
20,person,1,145,214,122,194,0
21,person,0,260,301,83,199,0
21,person,1,145,214,122,194,0
22,person,0,252,293,78,202,0
22,person,1,209,261,70,229,0
23,person,0,240,282,78,202,0
23,person,1,184,245,59,226,0
24,person,0,228,269,79,204,0
24,person,1,176,237,53,229,0
24,person,2,529,595,17,230,0
25,person,0,218,261,75,199,0
25,person,1,169,228,72,233,0
25,person,2,518,582,53,227,0
26,person,0,207,249,78,196,0
26,person,1,146,214,59,231,0
26,person,2,511,572,28,226,0
27,person,0,195,237,79,197,0
27,person,1,146,214,59,231,0
27,person,2,493,552,42,227,0
28,person,0,181,223,79,197,0
28,person,1,146,214,59,231,0
28,person,2,482,542,62,227,0
29,person,0,181,223,79,197,0
29,person,1,146,214,59,231,0
29,person,2,468,525,26,224,0
30,person,0,181,223,79,197,0
30,person,1,162,202,69,191,0
30,person,2,454,512,35,223,0
30,person,3,85,143,49,235,0
30,person,4,520,579,100,227,0
31,person,0,181,223,79,197,0
31,person,1,149,188,67,194,0
31,person,2,439,496,40,222,0
31,person,3,78,129,60,229,0
31,person,4,511,574,98,227,0
32,person,0,181,223,79,197,0
32,person,1,149,188,67,194,0
32,person,2,430,484,48,221,0
32,person,3,78,129,60,229,0
32,person,4,488,547,96,225,0
33,person,0,181,223,79,197,0
33,person,1,149,188,67,194,0
33,person,2,418,478,42,223,0
33,person,3,78,129,60,229,0
33,person,4,469,525,50,223,0
34,person,0,181,223,79,197,0
34,person,1,116,156,64,195,0
34,person,2,401,465,35,219,0
34,person,3,78,129,60,229,0
34,person,4,492,592,124,227,0
35,person,0,181,223,79,197,0
35,person,1,116,156,64,195,0
35,person,2,388,450,7,217,0
35,person,3,78,129,60,229,0
35,person,4,483,577,129,224,0
36,person,0,181,223,79,197,0
36,person,1,116,156,64,195,0
36,person,2,376,435,60,218,0
36,person,3,78,129,60,229,0
36,person,4,459,559,124,224,0
37,person,0,181,223,79,197,0
37,person,1,116,156,64,195,0
37,person,2,366,408,88,211,0
37,person,3,78,129,60,229,0
37,person,4,465,545,120,221,0
38,person,0,181,223,79,197,0
38,person,1,116,156,64,195,0
38,person,2,358,420,11,213,0
38,person,3,74,128,10,213,0
38,person,4,440,531,124,222,0
39,person,0,181,223,79,197,0
39,person,1,116,156,64,195,0
39,person,2,335,409,3,205,0
39,person,3,53,117,26,212,0
39,person,4,440,523,127,222,0
40,person,0,181,223,79,197,0
40,person,1,116,156,64,195,0
40,person,2,337,402,14,212,0
40,person,3,57,110,32,208,0
40,person,4,436,515,126,220,0
41,person,0,181,223,79,197,0
41,person,1,116,156,64,195,0
41,person,2,333,396,9,213,0
41,person,3,57,110,32,208,0
41,person,4,427,505,131,218,0
42,person,0,181,223,79,197,0
42,person,1,116,156,64,195,0
42,person,2,330,388,17,213,0
42,person,3,36,80,69,197,0
42,person,4,430,492,120,208,0
43,person,0,181,223,79,197,0
43,person,1,116,156,64,195,0
43,person,2,325,382,9,211,0
43,person,3,36,80,69,197,0
43,person,4,416,494,117,212,0
44,person,0,181,223,79,197,0
44,person,1,116,156,64,195,0
44,person,2,309,373,5,208,0
44,person,3,18,64,69,199,0
44,person,4,405,488,112,217,0
45,person,0,181,223,79,197,0
45,person,1,116,156,64,195,0
45,person,2,312,374,51,216,0
45,person,3,18,64,69,199,0
45,person,4,412,485,120,218,0
46,person,0,181,223,79,197,0
46,person,1,116,156,64,195,0
46,person,2,310,369,59,216,0
46,person,3,18,64,69,199,0
46,person,4,413,483,119,218,0
47,person,0,181,223,79,197,0
47,person,1,116,156,64,195,0
47,person,2,301,363,64,218,0
47,person,3,18,64,69,199,0
47,person,4,406,477,118,217,0
48,person,0,181,223,79,197,0
48,person,1,116,156,64,195,0
48,person,2,296,362,53,217,0
48,person,3,18,64,69,199,0
48,person,4,405,464,110,207,0
49,person,0,181,223,79,197,0
49,person,1,116,156,64,195,0
49,person,2,294,355,59,216,0
49,person,3,18,64,69,199,0
49,person,4,405,473,110,216,0
50,person,0,181,223,79,197,0
50,person,1,116,156,64,195,0
50,person,2,289,350,60,218,0
50,person,3,18,64,69,199,0
50,person,4,404,474,114,217,0
51,person,0,181,223,79,197,0
51,person,1,116,156,64,195,0
51,person,2,282,345,56,216,0
51,person,3,18,64,69,199,0
51,person,4,403,475,113,218,0
52,person,0,181,223,79,197,0
52,person,1,116,156,64,195,0
52,person,2,278,341,8,212,0
52,person,3,18,64,69,199,0
52,person,4,404,473,108,218,0
53,person,0,181,223,79,197,0
53,person,1,116,156,64,195,0
53,person,2,277,336,18,209,0
53,person,3,18,64,69,199,0
53,person,4,406,472,105,217,0
54,person,0,181,223,79,197,0
54,person,1,116,156,64,195,0
54,person,2,270,325,17,208,0
54,person,3,18,64,69,199,0
54,person,4,405,467,104,218,0
55,person,0,181,223,79,197,0
55,person,1,116,156,64,195,0
55,person,2,268,320,55,218,0
55,person,3,18,64,69,199,0
55,person,4,408,453,94,207,0
56,person,0,181,223,79,197,0
56,person,1,116,156,64,195,0
56,person,2,264,322,20,217,0
56,person,3,18,64,69,199,0
56,person,4,407,450,97,205,0
57,person,0,181,223,79,197,0
57,person,1,116,156,64,195,0
57,person,2,260,322,3,210,0
57,person,3,18,64,69,199,0
57,person,4,407,448,92,206,0
58,person,0,181,223,79,197,0
58,person,1,116,156,64,195,0
58,person,2,259,313,54,219,0
58,person,3,18,64,69,199,0
58,person,4,399,443,94,201,0
59,person,0,181,223,79,197,0
59,person,1,116,156,64,195,0
59,person,2,254,308,50,218,0
59,person,3,18,64,69,199,0
59,person,4,400,442,96,203,0
60,person,0,181,223,79,197,0
60,person,1,116,156,64,195,0
60,person,2,250,307,41,217,0
60,person,3,18,64,69,199,0
60,person,4,401,444,94,207,0
61,person,0,181,223,79,197,0
61,person,1,116,156,64,195,0
61,person,2,248,300,29,215,0
61,person,3,18,64,69,199,0
61,person,4,396,448,97,203,0
62,person,0,181,223,79,197,0
62,person,1,116,156,64,195,0
62,person,2,245,296,51,217,0
62,person,3,18,64,69,199,0
62,person,4,401,462,106,216,0
63,person,0,181,223,79,197,0
63,person,1,116,156,64,195,0
63,person,2,241,291,50,217,0
63,person,3,18,64,69,199,0
63,person,4,398,464,107,218,0
64,person,0,181,223,79,197,0
64,person,1,116,156,64,195,0
64,person,2,238,290,43,215,0
64,person,3,18,64,69,199,0
64,person,4,394,467,108,218,0
65,person,0,181,223,79,197,0
65,person,1,116,156,64,195,0
65,person,2,239,289,19,214,0
65,person,3,18,64,69,199,0
65,person,4,391,469,107,217,0
66,person,0,181,223,79,197,0
66,person,1,116,156,64,195,0
66,person,2,235,284,41,215,0
66,person,3,18,64,69,199,0
66,person,4,390,468,113,217,0
67,person,0,181,223,79,197,0
67,person,1,116,156,64,195,0
67,person,2,235,284,41,215,0
67,person,3,18,64,69,199,0
67,person,4,390,465,108,218,0
68,person,0,181,223,79,197,0
68,person,1,116,156,64,195,0
68,person,2,227,275,44,218,0
68,person,3,18,64,69,199,0
68,person,4,389,463,108,219,0
69,person,0,181,223,79,197,0
69,person,1,116,156,64,195,0
69,person,2,219,274,32,219,0
69,person,3,18,64,69,199,0
69,person,4,387,461,107,220,0
70,person,0,181,223,79,197,0
70,person,1,116,156,64,195,0
70,person,2,217,273,46,220,0
70,person,3,18,64,69,199,0
70,person,4,384,459,107,220,0
71,person,0,181,223,79,197,0
71,person,1,116,156,64,195,0
71,person,2,215,270,66,220,0
71,person,3,18,64,69,199,0
71,person,4,387,452,108,220,0
72,person,0,181,223,79,197,0
72,person,1,116,156,64,195,0
72,person,2,213,269,60,220,0
72,person,3,18,64,69,199,0
72,person,4,385,448,105,221,0
73,person,0,181,223,79,197,0
73,person,1,116,156,64,195,0
73,person,2,210,269,49,220,0
73,person,3,18,64,69,199,0
73,person,4,383,446,108,220,0
74,person,0,181,223,79,197,0
74,person,1,116,156,64,195,0
74,person,2,209,267,65,220,0
74,person,3,18,64,69,199,0
74,person,4,373,426,104,206,0
75,person,0,181,223,79,197,0
75,person,1,116,156,64,195,0
75,person,2,204,267,66,221,0
75,person,3,18,64,69,199,0
75,person,4,371,424,104,207,0
76,person,0,181,223,79,197,0
76,person,1,116,156,64,195,0
76,person,2,200,264,85,220,0
76,person,3,18,64,69,199,0
76,person,4,366,418,104,205,0
77,person,0,181,223,79,197,0
77,person,1,116,156,64,195,0
77,person,2,199,260,85,220,0
77,person,3,18,64,69,199,0
77,person,4,366,413,107,207,0
78,person,0,181,223,79,197,0
78,person,1,116,156,64,195,0
78,person,2,200,258,87,219,0
78,person,3,18,64,69,199,0
78,person,4,364,412,109,210,0
79,person,0,181,223,79,197,0
79,person,1,116,156,64,195,0
79,person,2,200,254,84,222,0
79,person,3,18,64,69,199,0
79,person,4,360,409,110,211,0
80,person,0,181,223,79,197,0
80,person,1,116,156,64,195,0
80,person,2,198,252,82,223,0
80,person,3,18,64,69,199,0
80,person,4,355,405,108,211,0
81,person,0,181,223,79,197,0
81,person,1,116,156,64,195,0
81,person,2,199,250,83,223,0
81,person,3,18,64,69,199,0
81,person,4,356,404,107,212,0
82,person,0,181,223,79,197,0
82,person,1,116,156,64,195,0
82,person,2,201,250,80,224,0
82,person,3,18,64,69,199,0
82,person,4,320,364,112,216,0
83,person,0,181,223,79,197,0
83,person,1,116,156,64,195,0
83,person,2,204,249,78,226,0
83,person,3,18,64,69,199,0
83,person,4,321,362,106,218,0
84,person,0,181,223,79,197,0
84,person,1,116,156,64,195,0
84,person,2,207,252,79,226,0
84,person,3,18,64,69,199,0
84,person,4,321,362,106,218,0
85,person,0,181,223,79,197,0
85,person,1,116,156,64,195,0
85,person,2,207,253,74,227,0
85,person,3,18,64,69,199,0
85,person,4,301,361,115,229,0
86,person,0,181,223,79,197,0
86,person,1,116,156,64,195,0
86,person,2,207,255,72,228,0
86,person,3,18,64,69,199,0
86,person,4,300,358,111,229,0
87,person,0,181,223,79,197,0
87,person,1,116,156,64,195,0
87,person,2,206,260,72,229,0
87,person,3,18,64,69,199,0
87,person,4,335,407,120,227,0
88,person,0,181,223,79,197,0
88,person,1,116,156,64,195,0
88,person,2,209,261,79,227,0
88,person,3,18,64,69,199,0
88,person,4,335,405,120,227,0
89,person,0,181,223,79,197,0
89,person,1,116,156,64,195,0
89,person,2,210,264,80,227,0
89,person,3,18,64,69,199,0
89,person,4,336,401,123,229,0
90,person,0,181,223,79,197,0
90,person,1,116,156,64,195,0
90,person,2,209,267,87,225,0
90,person,3,18,64,69,199,0
90,person,4,326,397,127,233,0
91,person,0,181,223,79,197,0
91,person,1,116,156,64,195,0
91,person,2,212,265,86,227,0
91,person,3,18,64,69,199,0
91,person,4,323,395,123,231,0
92,person,0,181,223,79,197,0
92,person,1,116,156,64,195,0
92,person,2,215,273,86,228,0
92,person,3,18,64,69,199,0
92,person,4,326,378,115,212,0
93,person,0,181,223,79,197,0
93,person,1,116,156,64,195,0
93,person,2,218,276,86,230,0
93,person,3,18,64,69,199,0
93,person,4,318,364,118,212,0
94,person,0,181,223,79,197,0
94,person,1,116,156,64,195,0
94,person,2,220,274,87,231,0
94,person,3,18,64,69,199,0
94,person,4,319,367,116,211,0
95,person,0,181,223,79,197,0
95,person,1,116,156,64,195,0
95,person,2,222,274,87,231,0
95,person,3,18,64,69,199,0
95,person,4,331,390,120,228,0
96,person,0,181,223,79,197,0
96,person,1,116,156,64,195,0
96,person,2,223,276,90,234,0
96,person,3,18,64,69,199,0
96,person,4,332,387,118,228,0
97,person,0,181,223,79,197,0
97,person,1,116,156,64,195,0
97,person,2,229,280,86,235,0
97,person,3,18,64,69,199,0
97,person,4,333,390,116,228,0
98,person,0,181,223,79,197,0
98,person,1,116,156,64,195,0
98,person,2,232,281,86,236,0
98,person,3,18,64,69,199,0
98,person,4,332,396,115,227,0
99,person,0,181,223,79,197,0
99,person,1,116,156,64,195,0
99,person,2,236,285,85,235,0
99,person,3,18,64,69,199,0
99,person,4,333,401,110,230,0
100,person,0,181,223,79,197,0
100,person,1,116,156,64,195,0
100,person,2,238,288,87,237,0
100,person,3,18,64,69,199,0
100,person,4,337,401,116,229,0
101,person,0,181,223,79,197,0
101,person,1,116,156,64,195,0
101,person,2,240,290,87,238,0
101,person,3,18,64,69,199,0
101,person,4,339,409,120,227,0
102,person,0,181,223,79,197,0
102,person,1,116,156,64,195,0
102,person,2,242,294,89,238,0
102,person,3,18,64,69,199,0
102,person,4,312,414,120,226,0
103,person,0,181,223,79,197,0
103,person,1,116,156,64,195,0
103,person,2,244,296,87,238,0
103,person,3,18,64,69,199,0
103,person,4,306,413,123,225,0
104,person,0,181,223,79,197,0
104,person,1,116,156,64,195,0
104,person,2,247,300,86,236,0
104,person,3,18,64,69,199,0
104,person,4,345,420,124,229,0
105,person,0,181,223,79,197,0
105,person,1,116,156,64,195,0
105,person,2,249,302,89,236,0
105,person,3,18,64,69,199,0
105,person,4,358,424,125,228,0
106,person,0,181,223,79,197,0
106,person,1,116,156,64,195,0
106,person,2,251,298,90,237,0
106,person,3,18,64,69,199,0
106,person,4,356,414,131,216,0
107,person,0,181,223,79,197,0
107,person,1,116,156,64,195,0
107,person,2,255,303,88,237,0
107,person,3,18,64,69,199,0
107,person,4,360,416,118,217,0
108,person,0,181,223,79,197,0
108,person,1,116,156,64,195,0
108,person,2,254,305,88,236,0
108,person,3,18,64,69,199,0
108,person,4,362,417,132,216,0
109,person,0,181,223,79,197,0
109,person,1,116,156,64,195,0
109,person,2,256,307,88,235,0
109,person,3,18,64,69,199,0
109,person,4,361,418,138,216,0
110,person,1,116,156,64,195,0
110,person,2,257,307,96,234,0
110,person,3,18,64,69,199,0
110,person,4,362,418,118,216,0
111,person,1,116,156,64,195,0
111,person,2,262,320,94,233,0
111,person,3,18,64,69,199,0
111,person,4,362,417,123,216,0
112,person,1,116,156,64,195,0
112,person,2,263,318,96,232,0
112,person,3,18,64,69,199,0
112,person,4,362,421,117,216,0
113,person,1,116,156,64,195,0
113,person,2,265,318,91,235,0
113,person,3,18,64,69,199,0
113,person,4,370,425,117,219,0
114,person,1,116,156,64,195,0
114,person,2,268,321,91,234,0
114,person,3,18,64,69,199,0
114,person,4,377,426,117,219,0
115,person,2,270,325,90,235,0
115,person,3,18,64,69,199,0
115,person,4,381,428,116,217,0
116,person,2,272,323,88,237,0
116,person,3,18,64,69,199,0
116,person,4,362,410,118,211,0
117,person,2,276,326,86,238,0
117,person,3,18,64,69,199,0
117,person,4,361,407,118,213,0
118,person,2,279,331,84,239,0
118,person,3,18,64,69,199,0
118,person,4,364,409,111,215,0
119,person,2,280,333,65,235,0
119,person,3,18,64,69,199,0
119,person,4,373,443,127,225,0
120,person,2,282,333,87,238,0
120,person,3,18,64,69,199,0
120,person,4,370,442,127,225,0
121,person,2,283,335,80,239,0
121,person,3,18,64,69,199,0
121,person,4,366,441,126,223,0
122,person,2,281,338,87,239,0
122,person,3,18,64,69,199,0
122,person,4,361,442,125,225,0
123,person,2,279,340,88,241,0
123,person,3,18,64,69,199,0
123,person,4,356,438,125,224,0
124,person,2,281,341,86,242,0
124,person,3,18,64,69,199,0
124,person,4,356,433,126,225,0
125,person,2,291,344,83,239,0
125,person,4,354,431,126,226,0
126,person,2,296,348,85,237,0
126,person,4,391,437,119,215,0
127,person,2,303,349,87,239,0
127,person,4,371,449,126,225,0
128,person,2,304,362,93,237,0
128,person,4,366,451,127,227,0
129,person,2,305,368,94,235,0
129,person,4,372,454,126,229,0
130,person,2,308,372,92,236,0
130,person,4,375,456,131,230,0
131,person,2,311,373,97,234,0
131,person,4,377,457,130,232,0
132,person,2,309,371,96,233,0
132,person,4,375,455,130,232,0
133,person,2,306,370,95,236,0
133,person,4,369,450,125,233,0
134,person,2,315,371,91,238,0
134,person,4,377,432,120,219,0
135,person,2,320,380,94,239,0
135,person,4,377,430,118,220,0
136,person,2,319,385,120,240,0
136,person,4,377,428,120,218,0
137,person,2,323,380,101,243,0
137,person,4,376,425,116,218,0
138,person,2,331,376,107,248,0
138,person,4,371,423,122,219,0
139,person,2,326,379,109,244,0
139,person,4,377,422,120,221,0
140,person,2,328,384,118,241,0
140,person,4,379,422,118,222,0
141,person,2,334,382,119,247,0
141,person,4,376,422,128,224,0
142,person,2,334,386,123,247,0
142,person,4,375,422,129,223,0
143,person,2,337,387,114,245,0
143,person,4,375,422,129,223,0
144,person,2,335,393,112,245,0
144,person,4,375,422,129,223,0
145,person,2,337,403,111,246,0
145,person,4,375,422,129,223,0
146,person,2,335,402,112,247,0
146,person,4,375,422,129,223,0
147,person,2,337,398,110,245,0
147,person,4,375,422,129,223,0
148,person,2,341,404,114,244,0
148,person,4,375,422,129,223,0
149,person,2,339,398,114,245,0
149,person,4,375,422,129,223,0
149,person,5,0,47,98,263,0
149,person,6,277,331,121,218,0
150,person,2,338,399,109,248,0
150,person,4,375,422,129,223,0
150,person,5,1,52,99,263,0
150,person,6,273,318,129,218,0
151,person,2,338,399,108,248,0
151,person,4,375,422,129,223,0
151,person,5,4,63,97,267,0
151,person,6,273,313,129,216,0
152,person,2,339,401,111,247,0
152,person,4,375,422,129,223,0
152,person,5,3,69,101,267,0
152,person,6,273,313,129,216,0
153,person,2,341,400,110,246,0
153,person,4,375,422,129,223,0
153,person,5,4,74,105,266,0
153,person,6,263,300,132,216,0
154,person,2,339,399,110,247,0
154,person,4,375,422,129,223,0
154,person,5,5,84,105,265,0
154,person,6,263,300,132,216,0
155,person,2,338,398,111,248,0
155,person,4,375,422,129,223,0
155,person,5,5,85,101,263,0
155,person,6,263,300,132,216,0
156,person,2,338,398,111,248,0
156,person,4,375,422,129,223,0
156,person,5,5,84,104,263,0
156,person,6,263,300,132,216,0
157,person,2,339,398,117,249,0
157,person,4,375,422,129,223,0
157,person,5,6,84,100,264,0
157,person,6,241,285,132,216,0
158,person,2,338,395,115,249,0
158,person,4,375,422,129,223,0
158,person,5,7,85,101,258,0
158,person,6,232,282,131,217,0
159,person,2,340,393,115,251,0
159,person,4,375,422,129,223,0
159,person,5,9,87,99,259,0
159,person,6,233,281,128,216,0
160,person,2,341,390,108,251,0
160,person,4,375,422,129,223,0
160,person,5,16,89,99,260,0
160,person,6,226,279,129,216,0
161,person,2,338,390,107,252,0
161,person,4,375,422,129,223,0
161,person,5,26,91,96,260,0
161,person,6,226,275,128,216,0
162,person,2,332,391,109,249,0
162,person,4,375,422,129,223,0
162,person,5,25,93,97,259,0
162,person,6,220,269,126,215,0
163,person,2,339,389,109,250,0
163,person,4,375,422,129,223,0
163,person,5,34,109,97,258,0
163,person,6,217,266,124,217,0
164,person,2,338,389,107,251,0
164,person,4,375,422,129,223,0
164,person,5,33,109,97,258,0
164,person,6,218,265,124,217,0
165,person,2,336,387,106,250,0
165,person,4,375,422,129,223,0
165,person,5,41,115,94,258,0
165,person,6,218,263,128,218,0
166,person,2,332,387,106,248,0
166,person,4,375,422,129,223,0
166,person,5,45,119,91,257,0
166,person,6,219,263,128,218,0
167,person,2,332,387,108,248,0
167,person,4,375,422,129,223,0
167,person,5,46,118,93,253,0
167,person,6,218,263,129,218,0
168,person,2,332,387,107,246,0
168,person,4,375,422,129,223,0
168,person,5,49,129,94,257,0
168,person,6,219,265,127,216,0
169,person,2,332,386,108,246,0
169,person,4,375,422,129,223,0
169,person,5,57,136,95,256,0
169,person,6,219,266,122,215,0
170,person,2,333,386,108,245,0
170,person,4,375,422,129,223,0
170,person,5,57,134,94,257,0
170,person,6,220,266,122,216,0
171,person,2,336,390,107,246,0
171,person,4,375,422,129,223,0
171,person,5,61,138,98,253,0
171,person,6,220,267,123,209,0
172,person,2,336,391,108,244,0
172,person,4,375,422,129,223,0
172,person,5,64,146,98,251,0
172,person,6,220,266,122,209,0
173,person,2,336,391,109,244,0
173,person,4,375,422,129,223,0
173,person,5,64,145,98,251,0
173,person,6,220,266,123,210,0
174,person,2,320,394,104,245,0
174,person,4,375,422,129,223,0
174,person,5,67,157,100,249,0
174,person,6,220,265,122,208,0
175,person,2,322,394,103,244,0
175,person,4,375,422,129,223,0
175,person,5,71,162,99,248,0
175,person,6,220,265,121,207,0
176,person,2,324,391,100,244,0
176,person,4,375,422,129,223,0
176,person,5,71,162,101,244,0
176,person,6,220,264,121,207,0
177,person,2,322,389,101,242,0
177,person,4,375,422,129,223,0
177,person,5,80,167,103,241,0
177,person,6,220,265,118,206,0
178,person,2,323,393,103,242,0
178,person,4,375,422,129,223,0
178,person,5,83,168,102,242,0
178,person,6,221,266,118,206,0
179,person,2,323,387,102,242,0
179,person,4,375,422,129,223,0
179,person,5,83,169,100,241,0
179,person,6,220,267,117,206,0
180,person,2,320,383,95,242,0
180,person,4,375,422,129,223,0
180,person,5,99,173,104,234,0
180,person,6,218,267,116,207,0
181,person,2,321,381,97,243,0
181,person,4,375,422,129,223,0
181,person,5,101,172,107,236,0
181,person,6,218,270,117,206,0
182,person,2,320,381,99,243,0
182,person,4,375,422,129,223,0
182,person,5,100,173,109,234,0
182,person,6,219,269,115,205,0
183,person,2,313,377,102,243,0
183,person,4,366,418,122,203,0
183,person,5,108,174,110,235,0
183,person,6,222,275,117,208,0
184,person,2,313,377,104,242,0
184,person,4,365,419,120,205,0
184,person,5,114,176,113,239,0
184,person,6,235,277,117,207,0
185,person,2,314,375,104,242,0
185,person,4,365,418,120,204,0
185,person,5,113,181,110,237,0
185,person,6,237,276,118,207,0
186,person,2,315,374,103,240,0
186,person,4,367,415,118,204,0
186,person,5,115,190,101,241,0
186,person,6,240,276,115,207,0
187,person,2,316,375,102,240,0
187,person,4,366,416,117,203,0
187,person,5,113,195,103,240,0
187,person,6,243,277,116,208,0
188,person,2,316,375,105,240,0
188,person,4,367,415,118,203,0
188,person,5,110,196,103,241,0
188,person,6,245,275,115,208,0
189,person,2,322,379,106,242,0
189,person,4,374,410,116,205,0
189,person,5,116,201,101,240,0
189,person,6,246,284,115,206,0
190,person,2,317,373,106,240,0
190,person,4,372,411,117,204,0
190,person,5,116,203,102,241,0
190,person,6,246,285,111,205,0
191,person,2,322,378,107,240,0
191,person,4,372,411,118,204,0
191,person,5,119,204,104,241,0
191,person,6,246,285,114,204,0
192,person,2,318,372,101,239,0
192,person,4,372,411,118,203,0
192,person,5,129,205,101,239,0
192,person,6,251,293,116,206,0
193,person,2,317,370,101,238,0
193,person,4,369,412,116,203,0
193,person,5,143,207,103,239,0
193,person,6,248,295,117,205,0
194,person,2,317,370,99,238,0
194,person,4,370,413,115,203,0
194,person,5,145,208,103,238,0
194,person,6,249,297,116,206,0
195,person,2,317,368,102,236,0
195,person,4,370,414,119,203,0
195,person,5,154,216,100,240,0
195,person,6,248,303,118,208,0
196,person,2,319,368,102,236,0
196,person,4,370,413,117,203,0
196,person,5,161,224,94,240,0
196,person,6,253,308,117,209,0
197,person,2,320,368,99,236,0
197,person,4,369,413,117,203,0
197,person,5,162,225,92,241,0
197,person,6,267,307,113,209,0
198,person,2,318,367,92,237,0
198,person,4,376,417,117,203,0
198,person,5,165,225,96,240,0
198,person,6,278,304,112,211,0
199,person,2,316,368,93,237,0
199,person,4,376,418,117,203,0
199,person,5,165,235,94,236,0
199,person,6,275,309,116,211,0
200,person,2,317,368,94,236,0
200,person,4,375,419,117,203,0
200,person,5,167,235,95,236,0
200,person,6,275,309,116,211,0
201,person,2,318,367,99,238,0
201,person,4,373,422,119,202,0
201,person,5,171,236,94,238,0
201,person,6,281,309,114,211,0
202,person,2,314,366,96,238,0
202,person,4,373,421,118,202,0
202,person,5,171,238,96,234,0
202,person,6,283,313,113,210,0
203,person,2,314,366,99,237,0
203,person,4,374,422,119,202,0
203,person,5,171,241,93,235,0
203,person,6,283,313,111,209,0
204,person,2,308,368,97,239,0
204,person,4,375,423,115,203,0
204,person,5,177,246,98,232,0
204,person,6,283,313,111,209,0
205,person,2,301,367,100,240,0
205,person,4,372,423,114,203,0
205,person,5,177,246,98,232,0
205,person,6,283,313,111,209,0
206,person,2,301,366,99,240,0
206,person,4,373,423,114,203,0
206,person,5,177,246,98,232,0
206,person,6,283,313,111,209,0
207,person,2,301,368,93,240,0
207,person,4,368,424,113,202,0
207,person,5,177,246,98,232,0
207,person,6,283,313,111,209,0
208,person,2,295,368,97,239,0
208,person,4,367,423,112,203,0
208,person,5,177,246,98,232,0
208,person,6,283,313,111,209,0
209,person,2,294,369,98,238,0
209,person,4,368,423,112,203,0
209,person,5,177,246,98,232,0
209,person,6,283,313,111,209,0
210,person,2,300,368,99,239,0
210,person,4,372,422,114,204,0
210,person,5,177,246,98,232,0
210,person,6,283,313,111,209,0
211,person,2,300,358,101,238,0
211,person,4,371,422,114,204,0
211,person,5,177,246,98,232,0
211,person,6,283,313,111,209,0
212,person,2,301,358,103,237,0
212,person,4,373,421,113,204,0
212,person,5,177,246,98,232,0
212,person,6,283,313,111,209,0
213,person,2,302,358,105,235,0
213,person,4,375,422,111,204,0
213,person,5,177,246,98,232,0
213,person,6,283,313,111,209,0
214,person,2,303,357,96,238,0
214,person,4,383,424,117,206,0
214,person,5,177,246,98,232,0
214,person,6,283,313,111,209,0
215,person,2,302,358,95,238,0
215,person,4,384,423,116,206,0
215,person,5,177,246,98,232,0
215,person,6,283,313,111,209,0
216,person,2,301,356,96,238,0
216,person,4,387,422,114,207,0
216,person,5,177,246,98,232,0
216,person,6,283,313,111,209,0
217,person,2,297,357,92,237,0
217,person,4,391,423,112,208,0
217,person,5,177,246,98,232,0
217,person,6,283,313,111,209,0
218,person,2,296,356,92,237,0
218,person,4,391,423,110,208,0
218,person,5,177,246,98,232,0
218,person,6,283,313,111,209,0
219,person,2,296,350,94,236,0
219,person,4,394,424,109,210,0
219,person,5,177,246,98,232,0
219,person,6,283,313,111,209,0
220,person,2,293,348,96,236,0
220,person,4,389,424,113,207,0
220,person,5,177,246,98,232,0
220,person,6,283,313,111,209,0
221,person,2,293,349,94,237,0
221,person,4,389,424,113,206,0
221,person,5,177,246,98,232,0
221,person,6,283,313,111,209,0
222,person,2,293,346,94,239,0
222,person,4,383,425,113,206,0
222,person,5,135,289,59,305,0
222,person,6,283,313,111,209,0
223,person,2,290,339,83,237,0
223,person,4,388,436,112,203,0
223,person,5,143,293,60,307,0
223,person,6,283,313,111,209,0
224,person,2,290,340,83,238,0
224,person,4,387,436,113,203,0
224,person,5,138,295,63,297,0
224,person,6,283,313,111,209,0
225,person,2,327,360,107,205,0
225,person,4,391,439,111,204,0
225,person,5,138,295,63,297,0
225,person,6,283,313,111,209,0
226,person,2,324,363,115,205,0
226,person,4,390,442,106,206,0
226,person,5,180,308,67,321,0
226,person,6,283,313,111,209,0
227,person,2,322,363,114,205,0
227,person,4,390,442,105,206,0
227,person,5,184,308,64,320,0
227,person,6,283,313,111,209,0
228,person,2,323,362,112,201,0
228,person,4,397,443,105,207,0
228,person,5,177,311,63,325,0
228,person,6,283,313,111,209,0
229,person,2,333,369,112,198,0
229,person,4,400,441,106,206,0
229,person,5,234,341,121,370,0
229,person,6,283,313,111,209,0
230,person,2,333,369,111,198,0
230,person,4,400,440,107,206,0
230,person,5,231,342,122,368,0
230,person,6,283,313,111,209,0
231,person,2,333,385,116,200,0
231,person,4,401,438,109,206,0
231,person,5,224,345,122,362,0
231,person,6,283,313,111,209,0
232,person,2,333,385,116,200,0
232,person,4,405,442,109,205,0
232,person,5,229,347,125,365,0
232,person,6,283,313,111,209,0
233,person,2,333,385,116,200,0
233,person,4,405,442,109,205,0
233,person,5,231,347,127,366,0
233,person,6,283,313,111,209,0
234,person,2,374,423,121,202,0
234,person,4,410,447,108,203,0
234,person,5,230,351,127,367,0
234,person,6,283,313,111,209,0
235,person,2,347,399,119,200,0
235,person,4,405,456,106,204,0
235,person,5,235,354,126,359,0
235,person,6,283,313,111,209,0
236,person,2,351,398,120,201,0
236,person,4,405,455,107,203,0
236,person,5,234,357,90,321,0
236,person,6,283,313,111,209,0
237,person,2,351,396,121,202,0
237,person,4,405,456,108,202,0
237,person,5,241,359,91,320,0
237,person,6,283,313,111,209,0
238,person,2,351,396,121,202,0
238,person,4,403,486,113,213,0
238,person,5,248,361,124,364,0
238,person,6,283,313,111,209,0
239,person,2,351,396,121,202,0
239,person,4,399,481,112,213,0
239,person,5,249,361,125,365,0
239,person,6,283,313,111,209,0
240,person,2,351,396,121,202,0
240,person,4,404,488,113,211,0
240,person,5,250,361,125,367,0
240,person,6,283,313,111,209,0
241,person,2,365,424,111,202,0
241,person,4,413,484,111,213,0
241,person,5,246,359,125,369,0
241,person,6,283,313,111,209,0
242,person,2,364,425,111,202,0
242,person,4,412,484,111,212,0
242,person,5,247,358,126,370,0
242,person,6,283,313,111,209,0
243,person,2,349,390,117,202,0
243,person,4,425,468,109,208,0
243,person,5,246,356,127,370,0
243,person,6,283,313,111,209,0
244,person,2,350,405,113,202,0
244,person,4,432,466,105,210,0
244,person,5,251,358,126,371,0
244,person,6,283,313,111,209,0
245,person,2,350,405,114,202,0
245,person,4,432,464,104,212,0
245,person,5,251,358,125,371,0
245,person,6,283,313,111,209,0
246,person,2,348,396,109,201,0
246,person,4,431,467,104,209,0
246,person,5,252,356,126,375,0
246,person,6,283,313,111,209,0
247,person,2,349,395,106,201,0
247,person,4,431,470,107,212,0
247,person,5,249,356,126,370,0
247,person,6,283,313,111,209,0
248,person,2,349,395,106,201,0
248,person,4,430,470,105,212,0
248,person,5,249,356,127,371,0
248,person,6,283,313,111,209,0
249,person,2,348,399,111,202,0
249,person,4,429,467,104,211,0
249,person,5,249,353,127,376,0
249,person,6,283,313,111,209,0
250,person,2,348,395,115,202,0
250,person,4,428,469,100,210,0
250,person,5,250,353,126,370,0
250,person,6,283,313,111,209,0
251,person,2,349,395,116,202,0
251,person,4,428,468,100,210,0
251,person,5,250,353,126,371,0
251,person,6,283,313,111,209,0
252,person,2,349,398,113,202,0
252,person,4,427,470,102,210,0
252,person,5,251,352,127,373,0
252,person,6,283,313,111,209,0
253,person,2,350,398,111,202,0
253,person,4,427,471,105,210,0
253,person,5,251,351,128,374,0
253,person,6,283,313,111,209,0
254,person,2,350,397,112,201,0
254,person,4,427,471,105,210,0
254,person,5,251,351,128,373,0
254,person,6,283,313,111,209,0
255,person,2,349,394,110,200,0
255,person,4,426,474,105,212,0
255,person,5,254,351,130,378,0
255,person,6,283,313,111,209,0
256,person,2,366,405,113,202,0
256,person,4,432,473,103,211,0
256,person,5,258,352,132,381,0
256,person,6,283,313,111,209,0
257,person,2,366,404,113,202,0
257,person,4,433,473,103,213,0
257,person,5,258,352,130,379,0
257,person,6,338,377,106,195,0
258,person,2,363,405,108,203,0
258,person,4,432,476,106,214,0
258,person,5,261,352,133,380,0
258,person,6,338,377,106,195,0
259,person,2,368,407,108,201,0
259,person,4,431,479,106,212,0
259,person,5,262,354,132,376,0
259,person,6,338,377,106,195,0
260,person,2,367,407,107,204,0
260,person,4,433,485,107,212,0
260,person,5,238,325,68,319,0
260,person,6,338,377,106,195,0
261,person,2,367,406,108,203,0
261,person,4,433,487,107,215,0
261,person,5,260,354,134,378,0
261,person,6,338,377,106,195,0
262,person,2,372,408,109,204,0
262,person,4,437,497,113,224,0
262,person,5,258,356,134,373,0
262,person,6,338,377,106,195,0
263,person,2,377,408,112,204,0
263,person,4,440,505,110,226,0
263,person,5,239,329,68,320,0
263,person,6,338,377,106,195,0
264,person,2,381,410,110,205,0
264,person,4,441,510,109,224,0
264,person,5,243,331,68,313,0
264,person,6,353,389,110,205,0
265,person,2,381,410,110,205,0
265,person,4,447,521,116,228,0
265,person,5,245,333,68,306,0
265,person,6,354,391,110,207,0
266,person,2,381,410,110,205,0
266,person,4,449,531,119,234,0
266,person,5,248,332,68,303,0
266,person,6,357,395,110,206,0
267,person,2,381,410,110,205,0
267,person,4,452,533,119,236,0
267,person,5,251,333,72,301,0
267,person,6,357,397,107,206,0
268,person,2,375,424,111,205,0
268,person,4,455,541,118,237,0
268,person,5,268,349,91,309,0
268,person,6,357,397,107,206,0
269,person,2,375,422,113,205,0
269,person,4,474,550,119,236,0
269,person,5,272,352,92,301,0
269,person,6,357,397,107,206,0
270,person,2,367,416,110,205,0
270,person,4,479,557,107,238,0
270,person,5,276,354,90,300,0
270,person,6,357,397,107,206,0
271,person,2,374,428,113,205,0
271,person,4,479,557,107,238,0
271,person,5,279,359,92,315,0
271,person,6,357,397,107,206,0
272,person,2,374,432,110,206,0
272,person,4,479,557,107,238,0
272,person,5,280,361,89,321,0
272,person,6,357,397,107,206,0
273,person,2,377,435,111,207,0
273,person,4,479,557,107,238,0
273,person,5,282,363,89,322,0
273,person,6,357,397,107,206,0
274,person,2,386,435,116,207,0
274,person,4,518,578,103,237,0
274,person,5,284,363,92,310,0
274,person,6,357,397,107,206,0
275,person,2,387,437,115,209,0
275,person,4,518,578,103,237,0
275,person,5,289,364,88,308,0
275,person,6,357,397,107,206,0
276,person,2,386,440,111,206,0
276,person,4,518,578,103,237,0
276,person,5,291,366,91,310,0
276,person,6,357,397,107,206,0
277,person,2,390,442,112,206,0
277,person,4,518,578,103,237,0
277,person,5,278,348,77,295,0
277,person,6,357,397,107,206,0
278,person,2,392,446,112,208,0
278,person,4,518,578,103,237,0
278,person,5,297,369,94,314,0
278,person,6,357,397,107,206,0
279,person,2,407,449,111,208,0
279,person,4,518,578,103,237,0
279,person,5,299,370,94,307,0
279,person,6,357,397,107,206,0
280,person,2,410,450,111,209,0
280,person,4,518,578,103,237,0
280,person,5,303,372,93,301,0
280,person,6,357,397,107,206,0
281,person,2,410,453,108,212,0
281,person,4,518,578,103,237,0
281,person,5,285,357,76,286,0
281,person,6,357,397,107,206,0
282,person,2,412,456,107,211,0
282,person,4,518,578,103,237,0
282,person,5,290,357,77,284,0
282,person,6,357,397,107,206,0
283,person,2,412,456,106,212,0
283,person,4,518,578,103,237,0
283,person,5,292,361,77,280,0
283,person,6,357,397,107,206,0
284,person,2,413,459,104,212,0
284,person,4,518,578,103,237,0
284,person,5,296,365,78,278,0
284,person,6,357,397,107,206,0
285,person,2,409,459,108,212,0
285,person,4,518,578,103,237,0
285,person,5,297,365,79,278,0
285,person,6,357,397,107,206,0
286,person,2,410,460,111,212,0
286,person,4,518,578,103,237,0
286,person,5,297,366,79,278,0
286,person,6,357,397,107,206,0
287,person,2,407,459,107,212,0
287,person,4,518,578,103,237,0
287,person,5,300,367,78,279,0
287,person,6,357,397,107,206,0
288,person,2,405,457,107,214,0
288,person,4,518,578,103,237,0
288,person,5,300,369,78,280,0
288,person,6,357,397,107,206,0
289,person,2,405,457,107,213,0
289,person,4,518,578,103,237,0
289,person,5,300,368,79,280,0
289,person,6,357,397,107,206,0
290,person,2,404,458,110,214,0
290,person,4,518,578,103,237,0
290,person,5,318,387,93,300,0
290,person,6,357,397,107,206,0
291,person,2,405,457,109,216,0
291,person,4,518,578,103,237,0
291,person,5,298,367,79,281,0
291,person,6,357,397,107,206,0
292,person,2,404,457,109,217,0
292,person,4,518,578,103,237,0
292,person,5,297,367,79,280,0
292,person,6,368,410,96,250,0
293,person,2,405,454,113,213,0
293,person,4,518,578,103,237,0
293,person,5,297,367,79,280,0
293,person,6,368,410,96,250,0
294,person,2,405,453,114,212,0
294,person,4,518,578,103,237,0
294,person,5,324,388,93,293,0
294,person,6,368,410,96,250,0
295,person,2,404,453,113,212,0
295,person,4,518,578,103,237,0
295,person,5,324,389,92,301,0
295,person,6,368,410,96,250,0
296,person,2,404,453,114,210,0
296,person,4,518,578,103,237,0
296,person,5,311,373,93,299,0
296,person,6,368,410,96,250,0
297,person,2,405,453,112,209,0
297,person,4,518,578,103,237,0
297,person,5,309,373,92,299,0
297,person,6,368,410,96,250,0
298,person,2,405,454,113,210,0
298,person,4,518,578,103,237,0
298,person,5,304,371,90,299,0
298,person,6,368,410,96,250,0
299,person,2,404,453,116,210,0
299,person,4,518,578,103,237,0
299,person,5,298,368,93,300,0
299,person,6,368,410,96,250,0
300,person,2,404,453,115,212,0
300,person,4,518,578,103,237,0
300,person,5,294,366,93,301,0
300,person,6,368,410,96,250,0
301,person,2,403,453,116,212,0
301,person,4,518,578,103,237,0
301,person,5,294,362,90,305,0
301,person,6,368,410,96,250,0
302,person,2,402,452,115,211,0
302,person,4,518,578,103,237,0
302,person,5,290,360,89,302,0
302,person,6,368,410,96,250,0