0,person,0,125,206,209,291,0#person,1,358,410,202,291,0#person,2,509,571,161,311,0
1,person,0,126,207,211,293,0#person,1,359,411,205,294,0#person,2,508,570,161,311,0
2,person,0,125,206,211,293,0#person,1,360,412,205,294,0#person,2,508,570,162,312,0
3,person,0,125,206,211,293,0#person,1,360,412,206,295,0#person,2,508,570,162,312,0
4,person,0,125,206,212,294,0#person,1,360,412,205,294,0#person,2,507,569,161,311,0
5,person,0,125,206,211,293,0#person,1,360,412,205,294,0#person,2,507,569,161,311,0
6,person,0,125,206,212,294,0#person,1,360,412,204,293,0#person,2,508,570,162,312,0
7,person,0,125,206,211,293,0#person,1,360,412,205,294,0#person,2,506,568,162,312,0
8,person,0,125,206,212,294,0#person,1,360,412,204,293,0#person,2,507,569,162,312,0
9,person,0,124,205,211,293,0#person,1,360,412,205,294,0#person,2,506,568,162,312,0
10,person,0,125,206,212,294,0#person,1,361,413,204,293,0#person,2,507,569,164,314,0
11,person,0,125,206,211,293,0#person,1,360,412,205,294,0#person,2,507,569,163,313,0
12,person,0,125,206,211,293,0#person,1,359,411,205,294,0#person,2,507,569,161,311,0
13,person,0,125,206,211,293,0#person,1,358,410,204,293,0#person,2,510,572,162,312,0
14,person,0,125,206,212,294,0#person,1,358,410,204,293,0#person,2,509,571,162,312,0
15,person,0,124,205,211,293,0#person,1,359,411,204,293,0#person,2,509,571,160,310,0
16,person,0,125,206,212,294,0#person,1,360,412,203,292,0#person,2,508,570,160,310,0
17,person,0,125,206,212,294,0#person,1,361,413,204,293,0#person,2,507,572,156,314,0
18,person,0,125,206,211,293,0#person,1,360,412,203,292,0#person,2,505,570,155,313,0
19,person,0,125,206,212,294,0#person,1,360,412,203,292,0#person,2,505,570,156,314,0
20,person,0,125,206,212,294,0#person,1,360,412,204,293,0#person,2,506,571,156,314,0
21,person,0,124,205,211,293,0#person,1,360,412,203,292,0#person,2,505,570,157,315,0
22,person,0,125,206,212,294,0#person,1,361,413,203,292,0#person,2,503,568,156,314,0
23,person,0,125,206,211,293,0#person,1,360,415,202,295,0#person,2,502,567,157,315,0
24,person,0,124,205,211,293,0#person,1,358,413,201,294,0#person,2,502,567,158,316,0
25,person,0,124,205,212,294,0#person,1,358,413,202,295,0#person,2,502,567,157,315,0
26,person,0,123,204,211,293,0#person,1,358,413,202,295,0#person,2,501,566,156,314,0
27,person,0,124,205,211,293,0#person,1,358,413,201,294,0#person,2,499,564,155,313,0
28,person,0,124,205,212,294,0#person,1,358,413,201,294,0#person,2,499,564,155,313,0
29,person,1,123,204,212,293,0#person,0,358,413,202,294,0#person,2,500,565,157,315,0
30,person,1,123,204,212,293,0#person,0,359,414,202,294,0#person,2,500,565,156,314,0
31,person,1,123,204,212,293,0#person,0,360,415,203,295,0#person,2,499,564,156,314,0
32,person,1,123,204,212,293,0#person,0,359,414,203,295,0#person,2,499,564,156,314,0
33,person,1,123,204,212,293,0#person,0,359,414,204,296,0#person,2,499,564,156,314,0
34,person,1,123,204,212,293,0#person,0,359,414,203,295,0#person,2,499,564,157,315,0
35,person,1,124,205,213,294,0#person,0,360,415,204,296,0#person,2,498,563,157,315,0
36,person,0,125,206,214,294,0#person,1,499,564,159,316,0
37,person,0,125,206,215,295,0#person,1,499,564,159,316,0
38,person,0,125,206,216,296,0#person,1,499,564,159,316,0
39,person,0,125,206,214,294,0#person,1,501,566,160,317,0
40,person,0,124,205,214,294,0#person,1,500,565,160,317,0
41,person,0,126,207,214,294,0#person,1,500,565,160,317,0#person,2,369,408,205,286,0
42,person,0,125,206,215,295,0#person,1,500,565,160,317,0#person,2,371,410,209,290,0
43,person,0,124,205,215,295,0#person,1,498,563,159,316,0#person,2,371,410,210,291,0
44,person,0,126,207,216,296,0#person,1,498,563,159,316,0#person,2,373,410,212,289,0
45,person,0,125,206,216,296,0#person,1,499,564,164,321,0#person,2,373,410,211,288,0
46,person,0,126,207,216,296,0#person,1,498,563,165,322,0#person,2,372,409,211,288,0
47,person,0,125,206,215,295,0#person,1,498,563,165,322,0#person,2,371,408,212,289,0
48,person,0,125,206,216,296,0#person,1,498,563,164,321,0#person,2,372,409,212,289,0
49,person,0,125,206,216,296,0#person,1,499,564,164,321,0#person,2,372,409,211,288,0
50,person,0,125,206,217,297,0#person,1,498,563,163,320,0#person,2,370,409,209,290,0
51,person,0,125,206,215,295,0#person,1,498,563,164,321,0#person,2,370,409,210,291,0
52,person,0,125,206,215,295,0#person,1,497,562,164,321,0#person,2,370,409,209,290,0
53,person,0,125,206,216,296,0#person,1,496,561,162,319,0#person,2,370,409,208,289,0
54,person,0,125,206,215,295,0#person,1,496,561,164,321,0#person,2,370,409,209,290,0
55,person,0,125,206,215,295,0#person,1,496,561,164,321,0#person,2,372,411,210,291,0
56,person,0,125,206,216,296,0#person,1,495,560,163,320,0#person,2,372,411,210,291,0
57,person,0,125,206,215,295,0#person,1,495,560,164,321,0#person,2,372,411,209,290,0
58,person,0,125,206,215,295,0#person,1,495,560,163,320,0#person,2,372,411,211,292,0
59,person,0,124,205,216,296,0#person,1,494,559,162,319,0#person,2,375,412,211,288,0
60,person,0,124,205,215,295,0#person,1,492,557,161,318,0#person,2,374,411,212,289,0
61,person,0,125,206,216,296,0#person,1,493,558,161,318,0#person,2,375,412,214,291,0
62,person,0,125,206,215,295,0#person,1,490,558,156,321,0#person,2,376,413,214,291,0
63,person,0,125,206,216,296,0#person,1,487,555,154,319,0#person,2,376,413,214,291,0
64,person,0,125,206,216,296,0#person,1,487,555,154,319,0#person,2,374,411,214,291,0
65,person,0,125,206,216,296,0#person,1,485,553,153,318,0#person,2,375,412,211,288,0
66,person,0,125,206,215,295,0#person,1,485,553,153,318,0#person,2,374,411,211,288,0
67,person,0,125,206,216,296,0#person,1,485,553,159,324,0#person,2,374,413,209,290,0
68,person,0,125,206,215,295,0#person,1,485,553,161,326,0#person,2,372,411,211,292,0
69,person,0,125,206,216,296,0#person,1,485,553,160,325,0#person,2,373,412,210,291,0
70,person,0,125,206,215,295,0#person,1,485,553,162,327,0#person,2,373,412,210,291,0
71,person,0,124,205,215,295,0#person,1,486,554,163,328,0#person,2,374,413,210,291,0
72,person,0,124,205,217,297,0#person,1,484,556,157,330,0#person,2,371,412,208,293,0
73,person,0,125,206,217,297,0#person,1,483,555,159,332,0#person,2,371,412,209,294,0
74,person,0,125,206,217,297,0#person,1,482,554,162,335,0#person,2,370,411,210,295,0
75,person,0,125,206,215,295,0#person,1,481,553,161,334,0#person,2,369,410,209,294,0
76,person,0,125,206,217,297,0#person,1,480,552,158,331,0#person,2,368,409,208,293,0
77,person,0,125,206,217,297,0#person,1,480,552,158,331,0#person,2,366,407,208,293,0
78,person,0,125,206,216,296,0#person,1,478,550,160,333,0#person,2,368,407,211,292,0
79,person,0,125,206,216,296,0#person,1,478,550,161,334,0#person,2,367,406,210,291,0
80,person,0,125,206,215,295,0#person,1,476,551,152,334,0#person,2,367,406,210,291,0
81,person,0,124,205,215,295,0#person,1,475,550,150,332,0#person,2,367,406,210,291,0
82,person,0,124,205,215,295,0#person,1,474,546,152,325,0#person,2,368,407,210,291,0
83,person,0,124,205,215,295,0#person,1,475,547,150,323,0#person,2,368,407,209,290,0
84,person,0,125,206,217,297,0#person,1,476,544,152,317,0#person,2,369,408,209,290,0
85,person,1,475,543,151,316,0#person,2,370,409,211,292,0#person,0,16,175,0,439,0
86,person,1,476,544,151,316,0#person,2,371,410,210,291,0#person,0,22,181,0,439,0
87,person,1,476,544,151,316,0#person,2,371,410,211,292,0#person,0,29,188,1,440,0
88,person,1,476,544,150,315,0#person,2,371,410,211,292,0#person,0,38,197,-1,438,0
89,person,1,474,542,151,316,0#person,2,372,411,211,292,0#person,0,45,204,-1,438,0
90,person,1,474,542,152,317,0#person,2,370,409,211,292,0#person,0,51,210,-1,438,0
91,person,1,475,543,152,317,0#person,2,371,410,209,290,0#person,0,56,215,-1,438,0
92,person,1,476,544,152,317,0#person,2,370,409,209,290,0#person,0,62,221,0,439,0
93,person,1,472,544,148,321,0#person,2,370,409,209,290,0#person,0,70,229,0,439,0
94,person,1,473,545,145,318,0#person,2,371,410,209,290,0#person,0,78,237,0,439,0
95,person,1,470,542,145,318,0#person,2,371,410,209,290,0#person,0,84,243,0,439,0
96,person,1,469,541,147,320,0#person,2,370,409,210,291,0#person,0,94,253,-1,438,0
97,person,1,467,539,147,320,0#person,2,371,410,209,290,0#person,0,105,264,2,441,0
98,person,1,465,537,153,326,0#person,2,372,411,209,290,0#person,0,113,272,3,442,0
99,person,1,462,537,145,327,0#person,2,371,410,210,291,0#person,0,123,274,17,435,0
100,person,1,462,534,156,329,0#person,2,372,411,210,291,0#person,0,118,277,-25,414,0
101,person,1,461,533,154,327,0#person,2,372,411,210,291,0#person,0,136,295,-18,421,0
102,person,1,458,533,151,333,0#person,2,372,411,210,291,0#person,0,144,303,-20,419,0
103,person,1,456,531,152,334,0#person,2,372,411,209,290,0#person,0,135,294,0,439,0
104,person,1,457,532,150,332,0#person,2,372,411,210,291,0#person,0,142,301,1,440,0
105,person,1,455,534,145,336,0#person,2,372,411,211,292,0#person,0,153,312,4,443,0
106,person,1,453,532,143,334,0#person,2,373,412,209,290,0#person,0,171,322,7,425,0
107,person,1,453,532,141,332,0#person,2,373,412,209,290,0#person,0,175,334,-1,438,0
108,person,1,452,531,132,323,0#person,2,373,412,210,291,0#person,0,182,341,0,439,0
109,person,1,453,532,135,326,0#person,2,372,411,210,291,0#person,0,188,347,-1,438,0
110,person,1,453,532,133,324,0#person,2,371,410,210,291,0#person,0,194,353,-1,438,0
111,person,1,453,532,134,325,0#person,2,369,408,215,296,0#person,0,198,357,-1,438,0
112,person,1,452,531,135,326,0#person,0,202,361,0,439,0
113,person,1,451,530,137,328,0#person,0,193,360,-18,443,0
114,person,1,451,530,136,327,0#person,0,225,347,38,405,0
115,person,1,451,530,135,326,0#person,0,233,355,32,399,0
116,person,1,451,530,140,331,0#person,0,242,358,36,386,0
117,person,1,450,529,140,331,0#person,0,247,363,40,390,0
118,person,1,450,529,141,332,0#person,0,249,371,31,398,0
119,person,1,449,532,131,331,0#person,0,255,377,27,394,0
120,person,1,446,533,124,334,0#person,0,258,386,19,404,0
121,person,1,445,532,125,335,0#person,0,263,391,23,408,0
122,person,1,446,533,125,335,0#person,0,266,394,26,411,0#person,2,6,133,0,434,0
123,person,1,445,532,126,336,0#person,0,273,395,36,403,0#person,2,15,142,0,434,0
124,person,1,445,532,126,336,0#person,0,277,399,38,405,0#person,2,19,146,1,435,0
125,person,1,444,531,126,336,0#person,0,286,402,41,391,0#person,2,22,149,1,435,0
126,person,1,442,529,128,338,0#person,0,293,409,48,398,0#person,2,26,153,0,434,0
127,person,1,445,528,134,334,0#person,0,299,415,48,398,0#person,2,33,154,5,418,0
128,person,1,444,527,135,335,0#person,0,304,420,45,395,0#person,2,36,157,4,417,0
129,person,1,443,526,136,336,0#person,0,308,424,42,392,0#person,2,39,154,11,405,0
130,person,1,444,527,137,337,0#person,0,316,427,52,385,0#person,2,42,157,14,408,0
131,person,1,444,527,134,334,0#person,0,321,432,50,383,0#person,2,42,163,11,424,0
132,person,1,445,528,137,337,0#person,0,326,437,49,382,0#person,2,48,163,30,424,0
133,person,1,445,528,136,336,0#person,0,332,443,45,378,0#person,2,54,164,49,424,0
134,person,1,446,529,135,335,0#person,0,335,446,41,374,0#person,2,56,166,54,429,0
135,person,1,445,528,135,335,0#person,0,340,451,43,376,0#person,2,60,170,59,434,0
136,person,1,443,526,136,336,0#person,0,343,454,46,379,0#person,2,65,175,70,445,0
137,person,1,445,524,143,334,0#person,0,350,455,58,375,0#person,2,65,180,75,469,0
138,person,1,443,522,142,333,0#person,0,353,464,58,391,0#person,2,68,183,76,470,0
139,person,1,443,522,140,331,0#person,0,357,468,57,390,0#person,2,73,188,78,472,0
140,person,1,443,522,138,329,0#person,0,359,475,47,397,0#person,2,83,193,76,451,0
141,person,1,365,481,45,392,0#person,0,77,190,-4,414,0
142,person,1,370,486,51,398,0#person,0,82,195,-1,417,0
143,person,1,376,492,49,396,0#person,0,84,197,0,418,0
144,person,1,385,501,50,397,0#person,0,82,201,-19,420,0
145,person,1,391,507,49,396,0#person,0,91,204,0,418,0
146,person,1,397,513,53,400,0#person,0,86,205,-20,419,0
147,person,1,403,519,54,401,0#person,0,76,195,-22,417,0
148,person,1,405,521,54,401,0#person,0,75,194,-20,419,0
149,person,1,410,526,56,403,0#person,0,75,194,-19,420,0
150,person,1,414,530,59,406,0#person,0,103,216,13,431,0
151,person,1,415,537,48,412,0#person,0,110,218,26,424,0
152,person,1,423,539,63,410,0#person,0,113,221,26,424,0
153,person,1,424,540,62,409,0#person,0,110,223,16,434,0
154,person,1,427,543,61,408,0#person,0,110,223,11,429,0
155,person,1,428,544,62,409,0#person,0,111,224,1,419,0
156,person,1,428,550,64,428,0#person,0,114,222,10,408,0
157,person,1,431,553,65,429,0#person,0,114,222,14,412,0
158,person,1,435,551,75,422,0#person,0,117,225,28,426,0
159,person,1,442,552,82,412,0#person,0,120,222,21,400,0
160,person,1,443,553,81,411,0#person,0,120,222,23,402,0
161,person,1,445,555,77,407,0#person,0,122,224,24,403,0
162,person,1,444,560,67,414,0#person,0,123,225,21,400,0
163,person,1,445,561,65,412,0#person,0,124,226,23,402,0
164,person,1,449,565,68,415,0#person,0,124,226,29,408,0
165,person,1,448,570,64,428,0#person,0,126,228,21,400,0
166,person,1,455,577,63,427,0#person,0,129,231,20,399,0
167,person,1,458,586,55,438,0#person,0,132,234,18,397,0
168,person,1,466,594,52,435,0#person,0,134,236,18,397,0
169,person,0,136,238,17,396,0#person,1,412,494,108,348,0
170,person,0,137,235,21,382,0#person,1,421,503,109,349,0
171,person,0,139,237,28,389,0#person,1,422,504,107,347,0
172,person,0,140,238,33,394,0#person,1,423,505,110,350,0
173,person,0,140,242,27,406,0#person,1,423,505,109,349,0
174,person,0,140,242,27,406,0#person,1,424,502,115,344,0
175,person,0,140,242,31,410,0#person,1,421,503,110,350,0
176,person,0,142,244,37,416,0#person,1,420,502,109,349,0
177,person,0,143,241,49,410,0#person,1,421,503,111,351,0
178,person,0,141,239,43,404,0#person,1,423,505,111,351,0
179,person,0,142,240,38,399,0#person,1,422,504,114,354,0
180,person,0,146,239,47,391,0#person,1,422,504,110,350,0
181,person,0,147,240,48,392,0#person,1,423,505,112,352,0
182,person,0,149,242,53,397,0#person,1,423,505,110,350,0
183,person,0,151,244,50,394,0#person,1,421,503,110,350,0
184,person,0,153,246,49,393,0#person,1,420,502,108,348,0
185,person,0,153,246,50,394,0#person,1,420,502,107,347,0
186,person,0,156,249,51,395,0#person,1,420,502,105,345,0#person,2,529,648,104,352,0
187,person,0,157,250,53,397,0#person,1,419,501,105,345,0#person,2,529,648,109,357,0
188,person,0,158,251,53,397,0#person,1,417,503,97,349,0#person,2,530,649,111,359,0
189,person,0,162,255,54,398,0#person,1,416,502,99,351,0#person,2,529,648,118,366,0
190,person,0,164,257,54,398,0#person,1,416,502,99,351,0#person,2,531,650,118,366,0
191,person,0,170,259,65,393,0#person,1,417,503,97,349,0#person,2,529,654,112,372,0
192,person,0,173,262,67,395,0#person,1,417,499,103,343,0#person,2,530,655,113,373,0
193,person,0,178,262,64,376,0#person,1,417,499,101,341,0#person,2,535,654,120,368,0
194,person,0,178,262,64,376,0#person,1,416,502,95,347,0#person,2,532,657,105,365,0
195,person,0,181,265,69,381,0#person,1,413,499,99,351,0#person,2,540,659,120,368,0
196,person,0,182,266,66,378,0#person,1,415,501,99,351,0#person,2,543,662,111,359,0
197,person,0,183,267,69,381,0#person,1,414,500,98,350,0#person,2,544,663,108,356,0
198,person,0,186,270,70,382,0#person,1,414,500,99,351,0#person,2,541,666,103,363,0
199,person,0,187,271,73,385,0#person,1,414,500,97,349,0#person,2,543,668,102,362,0
200,person,0,191,275,73,385,0#person,1,413,499,94,346,0#person,2,546,671,104,364,0
201,person,0,198,278,82,379,0#person,1,414,500,96,348,0#person,2,547,672,102,362,0
202,person,0,201,281,92,389,0#person,1,414,500,99,351,0#person,2,546,671,107,367,0
203,person,0,201,281,97,394,0#person,1,413,499,99,351,0#person,2,543,668,114,374,0
204,person,0,203,279,90,373,0#person,1,414,500,100,352,0#person,2,543,668,115,375,0
205,person,0,204,280,87,370,0#person,1,415,501,102,354,0#person,2,544,669,111,371,0
206,person,0,205,281,85,368,0#person,1,415,501,101,353,0#person,2,551,670,117,365,0
207,person,0,204,284,78,375,0#person,1,414,500,96,348,0#person,2,599,679,111,359,0
208,person,0,203,287,70,382,0#person,1,415,497,103,343,0#person,2,607,687,108,356,0
209,person,0,204,293,62,390,0#person,1,412,498,96,348,0#person,2,611,687,110,346,0
210,person,0,207,296,65,393,0#person,1,410,500,88,353,0#person,2,610,690,102,350,0
211,person,0,209,298,65,393,0#person,1,411,501,87,352,0#person,2,614,690,110,346,0
212,person,0,212,301,69,397,0#person,1,408,498,91,356,0#person,2,617,693,109,345,0
213,person,0,216,300,76,388,0#person,1,408,498,95,360,0#person,2,618,694,109,345,0
214,person,0,221,305,80,392,0#person,1,409,495,108,360,0#person,2,621,697,112,348,0
215,person,0,225,309,83,395,0#person,1,407,493,109,361,0#person,2,624,700,113,349,0
216,person,0,232,312,91,388,0#person,1,406,492,110,362,0#person,2,627,703,117,353,0
217,person,0,236,316,88,385,0#person,1,406,492,107,359,0#person,2,634,707,122,347,0
218,person,0,237,317,85,382,0#person,1,407,493,101,353,0#person,2,638,711,121,346,0
219,person,0,240,320,85,382,0#person,1,406,492,101,353,0#person,2,640,713,120,345,0
220,person,0,241,321,87,384,0#person,1,403,489,101,353,0#person,2,642,715,120,345,0
221,person,0,244,324,94,391,0#person,1,404,490,95,347,0#person,2,645,718,120,345,0
222,person,0,246,326,97,394,0#person,1,403,489,100,352,0#person,2,647,720,118,343,0
223,person,0,252,328,110,393,0#person,1,400,486,98,350,0#person,2,651,724,113,338,0
224,person,0,255,328,106,375,0#person,1,400,486,88,340,0#person,2,655,724,123,337,0
225,person,0,257,330,103,372,0#person,1,398,484,87,339,0#person,2,658,724,130,334,0
226,person,0,258,331,108,377,0#person,1,398,484,86,338,0#person,2,661,727,126,330,0
227,person,0,259,332,119,388,0#person,1,397,483,86,338,0#person,2,665,731,130,334,0
228,person,0,258,331,127,396,0#person,1,394,484,77,342,0#person,2,671,734,140,334,0
229,person,0,259,332,125,394,0#person,1,393,483,78,343,0#person,2,678,738,141,326,0
230,person,0,264,333,133,390,0#person,1,391,481,79,344,0#person,2,683,746,136,330,0
231,person,0,244,323,92,357,0#person,1,388,483,75,353,0
232,person,0,227,342,100,365,0#person,1,389,484,76,354,0
233,person,0,232,347,106,371,0#person,1,389,484,77,355,0
234,person,0,234,349,107,372,0#person,1,388,483,76,354,0
235,person,0,234,349,104,369,0#person,1,386,486,66,358,0
236,person,0,237,352,104,369,0#person,1,383,488,57,363,0
237,person,0,237,352,103,368,0#person,1,379,489,50,372,0
238,person,0,238,353,103,368,0#person,1,353,487,52,374,0
239,person,0,243,353,111,363,0#person,1,362,496,58,380,0
240,person,0,244,354,114,366,0#person,1,362,496,58,380,0
241,person,0,247,357,112,364,0#person,1,361,495,62,384,0
242,person,0,244,359,105,370,0#person,1,361,495,64,386,0
243,person,0,247,362,105,370,0#person,1,359,493,66,388,0
244,person,0,248,363,102,367,0#person,1,358,492,66,388,0
245,person,0,254,364,111,363,0#person,1,355,489,65,387,0
246,person,0,255,365,106,358,0#person,1,355,489,68,390,0
247,person,0,258,368,105,357,0#person,1,356,490,63,385,0
248,person,0,257,367,106,358,0#person,1,352,493,55,393,0
249,person,0,256,371,101,366,0#person,1,351,492,53,391,0
250,person,0,257,372,99,364,0#person,1,352,493,52,390,0
251,person,0,256,371,98,363,0#person,1,350,491,46,384,0
252,person,0,260,370,101,353,0#person,1,347,488,42,380,0
253,person,0,260,370,101,353,0#person,1,347,488,40,378,0
254,person,0,257,372,95,360,0#person,1,345,486,40,378,0
255,person,0,253,374,91,369,0#person,1,345,486,37,375,0
256,person,0,259,374,95,360,0#person,1,345,486,38,376,0
257,person,0,260,381,86,364,0#person,1,344,485,39,377,0
258,person,0,261,382,84,362,0#person,1,344,485,38,376,0
259,person,0,261,382,86,364,0#person,1,345,486,36,374,0
260,person,0,265,380,91,356,0#person,1,346,487,32,370,0
261,person,0,263,378,95,360,0#person,1,344,485,41,379,0
262,person,0,264,379,99,364,0#person,1,341,482,43,381,0
263,person,0,340,481,43,380,0
264,person,0,339,480,52,389,0
265,person,0,336,477,53,390,0
266,person,0,334,475,57,394,0
267,person,0,333,474,55,392,0
268,person,0,330,471,52,389,0
269,person,0,326,467,55,392,0
270,person,0,323,464,52,389,0
271,person,0,321,462,47,384,0
272,person,0,299,459,11,384,0
273,person,0,301,461,7,380,0
274,person,0,301,453,13,368,0
275,person,0,297,449,13,368,0
276,person,0,296,448,13,368,0
277,person,0,286,449,4,405,0
278,person,0,289,452,0,401,0
279,person,0,283,454,-1,420,0
280,person,0,281,452,1,422,0
281,person,0,285,448,6,407,0
282,person,0,286,441,15,397,0
283,person,0,279,442,7,408,0
284,person,0,275,438,8,409,0
285,person,0,271,434,5,406,0
286,person,0,262,425,8,409,0
287,person,0,257,420,14,415,0
288,person,0,250,413,18,419,0
289,person,0,244,407,17,418,0
290,person,0,233,404,8,429,0
291,person,0,226,397,6,427,0
292,person,0,221,392,6,427,0
293,person,0,217,388,5,426,0
294,person,0,210,381,7,428,0
295,person,0,204,375,6,427,0
296,person,0,197,368,5,426,0
297,person,0,190,361,4,425,0
298,person,0,189,352,13,414,0
299,person,0,182,345,18,419,0
300,person,0,175,338,9,410,0
301,person,0,169,332,0,401,0
302,person,0,164,327,0,401,0#person,1,360,497,70,361,0
303,person,0,156,327,0,421,0#person,1,371,508,76,367,0
304,person,0,154,317,0,401,0#person,1,371,508,81,372,0
305,person,0,146,309,0,401,0#person,1,371,508,82,373,0
306,person,0,140,303,0,401,0#person,1,375,505,92,369,0
307,person,0,135,298,1,402,0#person,1,374,504,94,371,0
308,person,0,125,296,0,421,0#person,1,370,500,94,371,0
309,person,1,363,500,81,372,0#person,0,488,572,128,324,0
310,person,1,363,500,79,370,0#person,0,490,574,129,325,0
311,person,1,357,494,80,371,0#person,0,490,574,130,326,0
312,person,1,352,489,79,370,0#person,0,488,572,129,325,0
313,person,1,347,484,75,366,0#person,0,488,572,129,325,0
314,person,1,341,478,73,364,0#person,0,486,570,127,323,0
315,person,1,338,475,69,360,0#person,0,485,569,126,322,0
316,person,1,335,472,69,360,0#person,0,485,565,127,314,0
317,person,1,332,476,63,369,0#person,0,485,565,125,312,0
318,person,1,329,473,66,372,0#person,0,483,563,124,311,0
319,person,1,330,474,68,374,0#person,0,484,568,124,320,0
320,person,1,333,470,75,366,0#person,0,484,568,127,323,0
321,person,1,336,466,83,360,0#person,0,485,569,129,325,0
322,person,1,333,463,83,360,0#person,0,487,571,128,324,0
323,person,1,331,461,82,359,0#person,0,487,571,126,322,0
324,person,1,326,456,81,358,0#person,0,489,573,127,323,0
325,person,1,322,452,81,358,0#person,0,490,574,126,322,0
326,person,1,316,453,74,365,0#person,0,491,575,125,321,0
327,person,1,312,456,64,370,0#person,0,492,572,128,315,0
328,person,1,309,453,63,369,0#person,0,491,571,128,315,0
329,person,1,306,450,66,372,0#person,0,488,572,125,321,0
330,person,1,305,449,66,372,0#person,0,489,573,125,321,0
331,person,1,304,448,65,371,0#person,0,490,574,125,321,0
332,person,1,302,446,70,376,0#person,0,489,573,124,320,0
333,person,1,303,440,77,368,0#person,0,489,573,125,321,0
334,person,1,298,435,77,368,0#person,0,487,571,124,320,0
335,person,1,293,430,78,369,0#person,0,483,567,123,319,0
336,person,1,288,425,77,368,0#person,0,483,567,121,317,0
337,person,1,285,422,73,364,0#person,0,481,565,120,316,0
338,person,1,286,416,78,355,0#person,0,477,565,116,322,0
339,person,1,276,413,67,358,0#person,0,477,565,116,322,0
340,person,1,270,414,57,363,0#person,0,477,565,119,325,0
341,person,1,263,414,48,369,0#person,0,477,565,119,325,0
342,person,1,261,412,47,368,0#person,0,478,566,119,325,0
343,person,1,261,412,47,368,0#person,0,480,568,120,326,0
344,person,1,258,409,48,369,0#person,0,481,569,121,327,0
345,person,1,255,406,49,370,0#person,0,482,570,120,326,0
346,person,1,254,405,51,372,0#person,0,483,571,120,326,0
347,person,1,253,404,51,372,0#person,0,482,570,119,325,0
348,person,1,247,406,46,383,0#person,0,483,571,119,325,0
349,person,1,243,402,43,380,0#person,0,483,571,119,325,0
350,person,1,239,398,42,379,0#person,0,483,571,120,326,0
351,person,1,237,388,48,369,0#person,0,482,570,118,324,0
352,person,1,227,386,40,377,0#person,0,482,570,117,323,0
353,person,1,225,384,39,376,0#person,0,483,571,115,321,0
354,person,1,221,380,39,376,0#person,0,482,570,109,315,0
355,person,1,217,376,39,376,0#person,0,480,568,109,315,0
356,person,1,221,372,49,370,0#person,0,479,567,108,314,0
357,person,1,219,370,52,373,0#person,0,477,565,108,314,0
358,person,1,221,372,55,376,0#person,0,475,563,109,315,0
359,person,1,217,368,60,381,0#person,0,472,560,107,313,0
360,person,1,213,364,60,381,0#person,0,470,558,108,314,0
361,person,0,214,358,67,372,0#person,1,469,562,111,326,0#person,2,370,461,115,335,0
362,person,0,210,354,64,369,0#person,1,465,558,108,323,0#person,2,372,463,120,340,0
363,person,0,170,348,9,365,0#person,1,464,557,104,319,0#person,2,370,461,121,341,0
364,person,0,172,350,23,379,0#person,1,462,555,102,317,0#person,2,370,461,124,344,0
365,person,0,167,345,21,377,0#person,1,462,555,102,317,0#person,2,367,463,116,347,0
366,person,0,157,344,10,384,0#person,1,461,554,101,316,0#person,2,364,460,116,347,0
367,person,0,160,338,18,374,0#person,1,459,552,101,316,0#person,2,363,459,118,349,0
368,person,0,155,333,16,372,0#person,1,459,552,103,318,0#person,2,361,457,118,349,0
369,person,0,149,327,17,373,0#person,1,458,551,101,316,0#person,2,360,456,119,350,0
370,person,0,146,324,17,373,0#person,1,458,551,102,317,0#person,2,357,453,119,350,0
371,person,0,139,326,9,383,0#person,1,457,550,100,315,0#person,2,356,452,117,348,0
372,person,0,88,322,1,417,0#person,1,455,548,101,316,0#person,2,353,449,123,354,0
373,person,0,98,332,1,417,0#person,1,454,547,101,316,0#person,2,348,448,114,357,0
374,person,0,94,328,1,417,0#person,1,451,544,100,315,0#person,2,346,446,112,355,0
375,person,0,93,327,0,416,0#person,1,449,542,100,315,0#person,2,345,445,106,349,0
376,person,0,93,327,1,417,0#person,1,449,542,100,315,0#person,2,346,446,107,350,0
377,person,0,93,327,0,416,0#person,1,446,539,98,313,0#person,2,347,443,110,341,0
378,person,0,93,327,0,416,0#person,1,441,539,94,320,0#person,2,346,442,106,337,0
379,person,0,92,326,0,416,0#person,1,438,536,93,319,0#person,2,347,438,113,333,0
380,person,0,90,324,0,416,0#person,1,435,533,93,319,0#person,2,347,438,115,335,0
381,person,0,86,320,-1,415,0#person,1,430,533,89,326,0#person,2,345,436,114,334,0
382,person,0,83,317,-1,415,0#person,1,427,530,89,326,0#person,2,344,435,118,338,0
383,person,0,79,313,-1,415,0#person,1,424,527,88,325,0#person,2,344,435,124,344,0
384,person,0,75,309,-1,415,0#person,1,420,523,88,325,0#person,2,340,436,117,348,0
385,person,0,70,304,3,419,0#person,1,416,519,86,323,0#person,2,339,435,118,349,0
386,person,0,63,297,3,419,0#person,1,412,515,88,325,0#person,2,337,433,118,349,0
387,person,0,56,290,3,419,0#person,1,411,514,86,323,0#person,2,336,432,116,347,0
388,person,0,50,284,1,417,0#person,1,409,512,86,323,0#person,2,334,430,119,350,0
389,person,0,38,284,0,437,0#person,1,409,512,87,324,0#person,2,334,425,125,345,0
390,person,0,31,277,0,437,0#person,1,407,510,86,323,0#person,2,331,427,116,347,0
391,person,0,25,271,-1,436,0#person,1,405,508,86,323,0#person,2,326,426,114,357,0
392,person,0,-3,243,-18,419,0#person,1,404,507,87,324,0#person,2,326,422,121,352,0
393,person,0,-14,244,-33,426,0#person,1,402,505,88,325,0#person,2,323,419,120,351,0
394,person,1,402,505,87,324,0#person,0,322,412,95,345,0
395,person,1,400,503,86,323,0#person,0,321,411,106,356,0
396,person,1,398,501,85,322,0#person,0,318,408,108,358,0
397,person,1,395,498,85,322,0#person,0,317,407,101,351,0
398,person,1,392,495,86,323,0#person,0,315,405,103,353,0
399,person,1,390,493,85,322,0#person,0,315,405,105,355,0
400,person,1,390,493,84,321,0#person,0,314,404,103,353,0
401,person,1,387,490,83,320,0#person,0,313,403,104,354,0
402,person,1,384,487,83,320,0#person,0,309,403,99,361,0
403,person,1,380,483,83,350,0#person,0,306,400,99,361,0
404,person,1,377,480,73,340,0#person,0,305,399,103,365,0
405,person,1,374,472,77,331,0#person,0,302,396,107,369,0
406,person,1,370,468,78,332,0#person,0,299,393,109,371,0
407,person,1,367,465,76,330,0#person,0,297,387,114,364,0
408,person,1,362,460,77,331,0#person,0,297,383,120,358,0
409,person,1,355,458,69,336,0#person,0,296,382,118,356,0
410,person,1,353,456,67,334,0#person,0,291,377,115,353,0
411,person,1,351,454,68,335,0#person,0,289,375,86,353,0
412,person,1,347,450,69,336,0#person,0,286,372,98,365,0
413,person,1,349,452,81,348,0#person,0,285,371,103,370,0
414,person,1,342,445,67,334,0#person,0,281,367,103,370,0
415,person,1,339,442,70,337,0#person,0,277,363,105,372,0
416,person,1,334,437,67,334,0#person,0,274,360,105,372,0
417,person,1,326,429,64,331,0#person,0,269,355,91,371,0
418,person,1,319,422,65,332,0#person,0,266,352,97,377,0
419,person,1,312,410,69,323,0#person,0,261,347,97,377,0
420,person,1,305,403,70,324,0#person,0,256,342,92,372,0
421,person,1,297,395,73,327,0#person,0,251,337,92,372,0
422,person,1,290,393,66,333,0#person,0,249,335,89,369,0
423,person,1,283,386,65,332,0#person,0,246,332,86,366,0
424,person,1,279,382,64,331,0#person,0,242,328,67,347,0
425,person,1,270,373,64,331,0#person,0,234,324,64,358,0
426,person,1,263,366,65,332,0#person,0,228,318,81,375,0
427,person,1,255,358,65,332,0#person,0,223,309,83,363,0
428,person,1,244,352,61,341,0#person,0,216,306,83,377,0
429,person,1,235,343,61,341,0#person,0,211,301,79,373,0
430,person,1,231,334,63,330,0#person,0,207,297,82,376,0
431,person,1,224,322,70,324,0#person,0,202,292,81,375,0
432,person,0,195,285,84,378,0#person,1,351,460,122,329,0
433,person,0,188,278,85,379,0#person,1,356,465,123,330,0
434,person,0,183,273,85,379,0#person,1,358,467,124,331,0
435,person,0,177,267,83,377,0#person,1,359,468,127,334,0
436,person,0,172,262,83,377,0#person,1,360,469,128,335,0
437,person,0,166,261,77,386,0#person,1,358,472,122,339,0
438,person,0,159,254,81,390,0#person,1,362,471,126,333,0
439,person,0,156,246,81,375,0#person,1,362,471,127,334,0
440,person,0,153,243,76,370,0#person,1,362,471,125,332,0
441,person,0,144,239,55,364,0#person,1,362,471,123,330,0
442,person,0,135,230,46,355,0#person,1,362,471,122,329,0
443,person,0,126,221,63,372,0#person,1,361,470,123,330,0
444,person,0,117,212,67,376,0#person,1,362,471,123,330,0
445,person,0,110,205,69,378,0#person,1,362,471,122,329,0
446,person,0,100,195,68,377,0#person,1,360,469,123,330,0
447,person,0,92,187,70,379,0#person,1,361,470,126,333,0
448,person,0,84,179,67,376,0#person,1,361,470,126,333,0
449,person,0,78,168,68,362,0#person,1,360,469,125,332,0
450,person,0,73,159,56,336,0#person,1,360,469,126,333,0
451,person,0,65,151,54,334,0#person,1,359,468,124,331,0
452,person,0,54,144,49,343,0#person,1,359,468,122,329,0
453,person,0,42,137,63,372,0#person,1,359,468,120,327,0
454,person,0,31,126,66,375,0#person,1,356,470,120,337,0
455,person,0,23,118,66,375,0#person,1,358,467,123,330,0
456,person,0,15,110,60,369,0#person,1,356,465,122,329,0
457,person,0,3,103,57,381,0#person,1,357,466,121,328,0
458,person,0,0,100,55,379,0#person,1,357,466,120,327,0
459,person,0,0,100,55,379,0#person,1,356,465,120,327,0
460,person,0,0,100,74,398,0#person,1,356,465,120,327,0
461,person,0,0,105,56,396,0#person,1,356,465,120,327,0
462,person,0,-1,99,78,402,0#person,1,356,465,120,327,0
463,person,0,0,100,85,409,0#person,1,356,465,121,328,0
464,person,0,-1,104,114,454,0#person,1,356,465,125,332,0
465,person,0,0,110,122,479,0#person,1,355,464,124,331,0
466,person,0,355,464,126,332,0#person,1,129,211,206,292,0#person,2,219,297,194,314,0#person,3,482,545,218,296,0
467,person,0,355,464,129,335,0#person,1,127,209,207,293,0#person,2,218,296,196,316,0#person,3,480,543,219,297,0
468,person,0,354,463,129,335,0#person,1,127,209,208,294,0#person,2,218,296,197,317,0#person,3,480,543,218,296,0
469,person,0,354,463,129,335,0#person,1,128,210,208,294,0#person,2,219,297,196,316,0#person,3,481,544,218,296,0
470,person,0,353,462,128,334,0#person,1,127,209,209,295,0#person,2,218,296,197,317,0#person,3,480,543,218,296,0
471,person,0,353,462,126,332,0#person,1,128,210,209,295,0#person,2,218,296,196,316,0#person,3,480,543,218,296,0
472,person,0,352,461,127,333,0#person,1,128,210,208,294,0#person,2,219,297,197,317,0#person,3,481,544,218,296,0
473,person,0,351,460,129,335,0#person,1,127,209,209,295,0#person,2,218,296,196,316,0#person,3,480,543,218,296,0
474,person,0,351,460,129,335,0#person,1,127,209,208,294,0#person,2,218,296,196,316,0#person,3,481,544,218,296,0
475,person,0,352,461,129,335,0#person,1,128,210,209,295,0#person,2,219,297,197,317,0#person,3,480,543,218,296,0
476,person,0,350,459,129,335,0#person,1,126,208,208,294,0#person,2,218,296,196,316,0#person,3,480,543,218,296,0
477,person,0,349,458,128,334,0#person,1,126,208,209,295,0#person,2,219,297,196,316,0#person,3,481,544,218,296,0
478,person,0,349,458,126,332,0#person,1,126,208,208,294,0#person,2,218,296,197,317,0#person,3,480,543,218,296,0
479,person,0,347,456,127,333,0#person,1,127,209,209,295,0#person,2,219,297,196,316,0#person,3,480,543,219,297,0
480,person,0,344,453,124,330,0#person,1,128,210,208,294,0#person,2,218,296,196,316,0#person,3,480,543,219,297,0
481,person,0,342,451,124,330,0#person,1,127,209,208,294,0#person,2,219,297,197,317,0#person,3,480,543,219,297,0
482,person,0,341,445,127,323,0#person,1,127,209,209,295,0#person,2,218,296,196,316,0#person,3,479,542,219,297,0
483,person,0,338,447,120,326,0#person,1,128,210,208,294,0#person,2,219,297,197,317,0#person,3,479,542,219,297,0
484,person,0,336,445,118,324,0#person,1,127,209,210,296,0#person,2,218,296,196,316,0#person,3,480,543,218,296,0
485,person,0,334,443,113,319,0#person,1,127,209,209,295,0#person,2,219,297,197,317,0#person,3,479,542,219,297,0
486,person,0,333,437,111,307,0#person,1,128,210,209,295,0#person,2,218,296,196,316,0#person,3,479,542,218,296,0
487,person,0,331,440,108,314,0#person,1,128,210,210,296,0#person,2,219,297,197,317,0#person,3,480,543,218,296,0
488,person,0,331,440,107,313,0#person,1,127,209,209,295,0#person,2,218,296,197,317,0#person,3,479,542,218,296,0
489,person,0,331,440,108,342,0#person,1,127,209,209,295,0#person,2,219,297,196,316,0#person,3,479,542,218,296,0
490,person,0,332,441,107,341,0#person,1,127,209,210,296,0#person,2,218,296,197,317,0#person,3,479,542,217,295,0
491,person,0,333,442,108,342,0#person,1,128,210,209,295,0#person,2,219,297,197,317,0#person,3,480,543,218,296,0
492,person,0,333,442,109,343,0#person,1,128,210,209,295,0#person,2,219,297,198,318,0#person,3,479,542,219,297,0
493,person,0,333,442,110,344,0#person,1,127,209,210,296,0#person,2,218,296,198,318,0#person,3,478,541,219,297,0
494,person,0,332,441,112,346,0#person,1,127,209,209,295,0#person,2,218,296,197,317,0#person,3,480,543,218,296,0
495,person,0,332,441,113,347,0#person,1,127,209,209,295,0#person,2,219,297,196,316,0#person,3,479,542,218,296,0
496,person,0,329,438,113,347,0#person,1,128,210,210,296,0#person,2,218,296,197,317,0#person,3,478,541,218,296,0
497,person,0,330,439,113,347,0#person,1,128,210,210,296,0#person,2,218,296,196,316,0#person,3,480,543,218,296,0
498,person,0,329,438,114,348,0#person,1,128,210,209,295,0#person,2,219,297,196,316,0#person,3,479,542,218,296,0
499,person,0,326,435,113,347,0#person,1,127,209,209,295,0#person,2,218,296,197,317,0#person,3,478,541,218,296,0
500,person,0,321,430,109,343,0#person,1,127,209,208,294,0#person,2,219,297,196,316,0#person,3,478,541,219,297,0
501,person,0,319,428,110,344,0#person,1,127,209,210,296,0#person,2,219,297,196,316,0#person,3,480,543,219,297,0
502,person,0,317,426,110,344,0#person,1,127,209,210,296,0#person,2,218,296,196,316,0#person,3,479,542,219,297,0
503,person,0,315,424,110,344,0#person,1,126,208,209,295,0#person,2,219,297,197,317,0#person,3,478,541,219,297,0
504,person,0,312,421,108,342,0#person,1,127,209,210,296,0#person,2,219,297,197,317,0#person,3,478,541,219,297,0
505,person,0,310,419,107,341,0#person,1,128,210,210,296,0#person,2,219,297,198,318,0#person,3,479,542,219,297,0
506,person,0,309,418,108,342,0#person,1,128,210,210,296,0#person,2,218,296,198,318,0#person,3,479,542,219,297,0
507,person,0,307,416,108,342,0#person,1,127,209,209,295,0#person,2,219,297,198,318,0#person,3,479,542,219,297,0
508,person,0,306,415,104,338,0#person,1,127,209,210,296,0#person,2,218,296,198,318,0#person,3,478,541,218,296,0
509,person,0,305,414,104,338,0#person,1,127,209,209,295,0#person,2,219,297,197,317,0#person,3,478,541,219,297,0
510,person,0,305,414,107,341,0#person,1,127,209,209,295,0#person,2,218,296,197,317,0#person,3,478,541,219,297,0
511,person,0,304,413,106,340,0#person,1,127,209,210,296,0#person,2,219,297,197,317,0#person,3,478,541,219,297,0
512,person,0,301,415,101,347,0#person,1,127,209,210,296,0#person,2,218,296,198,318,0#person,3,479,542,219,297,0
513,person,0,300,414,100,346,0#person,1,127,209,210,296,0#person,2,219,297,198,318,0#person,3,479,542,219,297,0
514,person,0,298,418,95,353,0#person,1,127,209,209,295,0#person,2,218,296,197,317,0#person,3,477,540,219,297,0
515,person,0,295,415,96,354,0#person,1,128,210,209,295,0#person,2,219,297,198,318,0#person,3,478,541,220,298,0
516,person,0,294,414,97,355,0#person,1,128,210,210,296,0#person,2,219,297,201,321,0#person,3,477,540,218,296,0
517,person,0,294,414,98,356,0#person,1,128,210,210,296,0#person,2,219,297,201,321,0#person,3,477,540,218,296,0
518,person,0,291,411,99,357,0#person,1,127,209,210,296,0#person,2,220,298,200,320,0#person,3,477,540,218,296,0
519,person,0,290,410,104,362,0#person,1,127,209,210,296,0#person,2,220,298,200,320,0#person,3,478,541,218,296,0
520,person,0,288,408,104,362,0#person,1,126,208,209,295,0#person,2,220,298,201,321,0#person,3,478,541,219,297,0
521,person,0,286,406,105,363,0#person,1,126,208,209,295,0#person,2,219,297,201,321,0#person,3,477,540,219,297,0
522,person,0,280,406,96,367,0#person,1,127,209,209,295,0#person,2,220,298,200,320,0#person,3,478,541,219,297,0
523,person,0,275,407,89,373,0#person,1,127,209,210,296,0#person,2,220,298,201,321,0#person,3,478,541,219,297,0
524,person,0,274,400,93,364,0#person,1,126,208,209,295,0#person,2,221,299,200,320,0#person,3,476,539,219,297,0
525,person,0,269,395,90,361,0#person,1,126,208,209,295,0#person,2,221,299,201,321,0#person,3,476,539,219,297,0
526,person,0,267,393,88,359,0#person,1,126,208,210,296,0#person,2,220,298,200,320,0#person,3,477,540,218,296,0
527,person,0,260,392,80,364,0#person,1,126,208,209,295,0#person,2,220,298,201,321,0#person,3,476,539,218,296,0
528,person,0,257,389,82,366,0#person,1,125,207,209,295,0#person,2,221,299,200,320,0#person,3,477,540,219,297,0
529,person,0,257,383,88,359,0#person,1,125,207,210,296,0#person,2,221,299,201,321,0#person,3,477,540,219,297,0
530,person,0,256,376,98,356,0#person,1,126,208,209,295,0#person,2,221,299,200,320,0#person,3,477,540,220,298,0
531,person,0,252,372,102,360,0#person,1,127,209,210,296,0#person,2,219,297,201,321,0#person,3,476,539,220,298,0
532,person,0,249,369,105,363,0#person,1,125,207,210,296,0#person,2,217,295,200,320,0#person,3,476,539,219,297,0
533,person,0,242,362,107,365,0#person,1,126,208,211,297,0#person,2,215,293,201,321,0#person,3,477,540,219,297,0
534,person,0,242,356,112,358,0#person,1,125,207,209,295,0#person,3,477,540,220,298,0
535,person,0,235,349,117,363,0#person,1,126,208,211,297,0#person,3,477,540,219,297,0
536,person,0,228,342,115,361,0#person,1,125,207,210,296,0#person,3,476,539,220,298,0
537,person,0,219,333,112,358,0#person,1,127,209,211,297,0#person,3,477,540,219,297,0
538,person,0,213,322,111,345,0#person,1,125,207,209,295,0#person,3,476,539,219,297,0
539,person,0,206,315,115,349,0#person,1,126,208,211,297,0#person,3,476,539,220,298,0
540,person,0,198,312,106,352,0#person,1,126,208,209,295,0#person,3,477,540,219,297,0
541,person,0,193,307,112,358,0#person,1,127,209,212,298,0#person,3,476,539,220,298,0
542,person,0,191,300,120,354,0#person,1,126,208,209,295,0#person,3,476,539,220,298,0
543,person,0,186,295,126,360,0#person,1,476,539,221,297,0
544,person,0,184,288,131,354,0#person,1,474,537,222,298,0
545,person,0,183,282,136,348,0#person,1,474,537,222,298,0
546,person,0,175,274,129,341,0#person,1,476,539,222,298,0
547,person,0,119,266,86,346,0#person,1,476,539,222,298,0
548,person,0,116,263,94,354,0#person,1,475,538,221,297,0
549,person,0,114,254,103,351,0#person,1,474,537,221,297,0
550,person,0,109,249,103,351,0#person,1,476,539,221,297,0
551,person,0,103,250,96,356,0#person,1,476,539,221,297,0
552,person,0,103,243,101,349,0#person,1,475,538,221,297,0
553,person,0,96,236,104,352,0#person,1,474,537,221,297,0
554,person,0,85,232,96,356,0#person,1,475,538,221,297,0
555,person,0,83,230,96,356,0#person,1,474,537,221,297,0
556,person,0,75,229,90,363,0#person,1,476,539,221,297,0
557,person,0,73,227,91,364,0#person,1,475,538,221,297,0