0,person,0,130,214,208,301,0#person,1,401,465,182,299,0#person,2,496,584,162,311,0#person,3,220,301,193,314,0
1,person,0,131,215,211,304,0#person,1,401,465,177,294,0#person,2,498,586,163,312,0#person,3,220,301,197,318,0
2,person,0,130,214,212,305,0#person,1,401,465,178,295,0#person,2,499,587,164,313,0#person,3,219,300,196,317,0
3,person,0,129,213,212,305,0#person,1,402,466,178,295,0#person,2,499,583,166,308,0#person,3,220,301,197,318,0
4,person,0,130,214,212,305,0#person,1,403,467,177,294,0#person,2,500,584,167,309,0#person,3,219,300,196,317,0
5,person,0,129,213,212,305,0#person,1,404,465,180,291,0#person,2,499,583,167,309,0#person,3,220,301,196,317,0
6,person,0,130,214,213,306,0#person,1,405,466,181,292,0#person,2,501,585,168,310,0#person,3,220,301,196,317,0
7,person,0,129,213,212,305,0#person,1,404,465,180,291,0#person,2,500,584,167,309,0#person,3,219,300,196,317,0
8,person,0,129,213,212,305,0#person,1,404,465,180,291,0#person,2,500,584,167,309,0#person,3,218,299,196,317,0
9,person,0,128,212,213,306,0#person,1,404,465,180,291,0#person,2,498,582,167,309,0#person,3,219,300,197,318,0
10,person,0,128,212,212,305,0#person,1,405,466,180,291,0#person,2,500,584,169,311,0#person,3,218,299,196,317,0
11,person,0,129,213,213,306,0#person,1,405,466,181,292,0#person,2,502,586,168,310,0#person,3,219,300,196,317,0
12,person,0,128,212,211,304,0#person,1,405,466,182,293,0#person,2,502,586,170,312,0#person,3,218,299,199,320,0
13,person,0,129,213,212,305,0#person,1,405,466,184,295,0#person,2,501,589,163,312,0#person,3,219,300,199,320,0
14,person,0,129,213,212,305,0#person,1,406,467,181,292,0#person,2,500,588,162,311,0#person,3,218,299,200,321,0
15,person,0,128,212,211,304,0#person,1,406,467,180,291,0#person,2,498,586,162,311,0#person,3,219,300,200,321,0
16,person,0,129,213,212,305,0#person,1,405,466,181,292,0#person,2,498,586,161,310,0#person,3,218,299,201,322,0
17,person,0,129,213,212,305,0#person,1,406,467,183,294,0#person,2,497,585,163,312,0#person,3,218,299,200,321,0
18,person,0,128,212,212,305,0#person,1,406,467,183,294,0#person,2,497,585,162,311,0#person,3,218,299,201,322,0
19,person,0,128,212,212,305,0#person,1,405,466,181,292,0#person,2,497,585,162,311,0#person,3,219,300,200,321,0
20,person,0,129,213,212,305,0#person,1,406,467,181,292,0#person,2,498,586,161,310,0#person,3,218,299,200,321,0
21,person,0,129,213,211,304,0#person,1,407,468,180,291,0#person,2,495,583,163,312,0#person,3,218,299,200,321,0
22,person,0,128,212,211,304,0#person,1,405,466,179,290,0#person,2,496,584,163,312,0#person,3,219,300,201,322,0
23,person,0,129,213,212,305,0#person,1,406,467,180,291,0#person,2,496,584,165,314,0#person,3,221,298,203,318,0
24,person,0,128,212,211,304,0#person,1,407,468,180,291,0#person,2,494,582,166,315,0#person,3,220,297,204,319,0
25,person,0,127,211,210,303,0#person,1,406,467,181,292,0#person,2,495,583,165,314,0#person,3,221,298,204,319,0
26,person,0,127,211,210,303,0#person,1,406,467,180,291,0#person,2,494,582,163,312,0#person,3,220,297,204,319,0
27,person,0,127,211,211,304,0#person,1,406,467,180,291,0#person,2,493,581,163,312,0#person,3,220,297,203,318,0
28,person,0,127,211,211,304,0#person,1,406,467,181,292,0#person,2,491,579,162,311,0#person,3,220,297,204,319,0
29,person,0,127,211,210,303,0#person,1,406,467,180,291,0#person,2,492,580,164,313,0#person,3,221,298,203,318,0
30,person,0,128,212,210,303,0#person,1,407,468,180,291,0#person,2,491,579,163,312,0#person,3,220,297,203,318,0
31,person,0,128,212,210,303,0#person,1,406,467,180,291,0#person,2,490,578,164,313,0#person,3,220,297,204,319,0
32,person,0,129,213,211,304,0#person,1,407,468,181,292,0#person,2,490,578,162,311,0#person,3,220,297,203,318,0
33,person,0,129,213,210,303,0#person,1,407,468,181,292,0#person,2,490,578,164,313,0#person,3,218,299,200,321,0
34,person,0,129,213,210,303,0#person,1,408,469,179,290,0#person,2,491,579,163,312,0#person,3,218,299,200,321,0
35,person,0,128,212,212,305,0#person,1,407,468,181,292,0#person,2,490,578,164,313,0#person,3,220,301,200,321,0
36,person,0,129,213,213,306,0#person,1,407,468,179,290,0#person,2,490,578,164,313,0#person,3,219,300,199,320,0
37,person,0,130,214,214,307,0#person,1,406,467,179,290,0#person,2,490,578,163,312,0#person,3,218,299,199,320,0
38,person,0,130,214,213,306,0#person,1,406,467,181,292,0#person,2,491,579,164,313,0#person,3,218,299,199,320,0
39,person,0,130,214,213,306,0#person,1,405,466,182,293,0#person,2,491,579,163,312,0#person,3,218,299,199,320,0
40,person,0,129,213,214,307,0#person,1,405,466,181,292,0#person,2,492,580,164,313,0#person,3,219,300,199,320,0
41,person,0,129,213,213,306,0#person,1,406,467,180,291,0#person,2,492,580,163,312,0#person,3,218,299,199,320,0
42,person,0,130,214,214,307,0#person,1,405,466,180,291,0#person,2,490,578,165,314,0#person,3,218,299,199,320,0
43,person,0,129,213,215,308,0#person,1,405,466,182,293,0#person,2,487,579,159,315,0#person,3,218,299,198,319,0#person,4,600,666,180,302,0
44,person,0,129,213,216,309,0#person,1,404,465,180,291,0#person,2,487,579,162,318,0#person,3,219,300,198,319,0#person,4,607,673,185,307,0
45,person,0,130,214,216,309,0#person,1,404,465,182,293,0#person,2,488,580,160,316,0#person,3,218,299,199,320,0#person,4,606,672,184,306,0
46,person,0,130,214,215,308,0#person,1,404,465,185,296,0#person,2,487,579,161,317,0#person,3,218,299,198,319,0#person,4,605,671,184,306,0
47,person,0,129,213,216,309,0#person,1,404,465,185,296,0#person,2,488,580,162,318,0#person,3,219,300,198,319,0#person,4,603,669,181,303,0
48,person,0,131,211,216,305,0#person,1,403,467,179,296,0#person,2,487,579,161,317,0#person,3,218,299,200,321,0#person,4,601,667,181,303,0
49,person,0,131,211,216,305,0#person,1,401,465,180,297,0#person,2,488,580,160,316,0#person,3,218,299,199,320,0#person,4,581,647,180,302,0
50,person,0,130,210,216,305,0#person,1,402,466,180,297,0#person,2,486,578,161,317,0#person,3,218,299,200,321,0#person,4,582,648,187,309,0
51,person,0,130,210,216,305,0#person,1,402,466,182,299,0#person,2,485,577,162,318,0#person,3,218,299,199,320,0#person,4,582,648,184,306,0
52,person,0,131,211,215,304,0#person,1,401,465,181,298,0#person,2,484,576,160,316,0#person,3,218,299,200,321,0#person,4,584,650,185,307,0
53,person,0,131,211,216,305,0#person,1,402,466,181,298,0#person,2,483,575,161,317,0#person,3,218,299,200,321,0#person,4,571,637,179,301,0
54,person,0,131,211,215,304,0#person,1,400,464,181,298,0#person,2,483,575,162,318,0#person,3,218,299,200,321,0#person,4,567,633,178,300,0
55,person,0,130,210,216,305,0#person,1,400,464,181,298,0#person,2,482,574,162,318,0#person,3,218,299,201,322,0#person,4,564,630,177,299,0
56,person,0,130,210,215,304,0#person,1,399,463,181,298,0#person,2,481,573,161,317,0#person,3,218,299,201,322,0#person,4,565,631,175,297,0#person,5,668,747,148,285,0
57,person,0,130,210,215,304,0#person,1,399,463,181,298,0#person,2,482,574,162,318,0#person,3,219,300,201,322,0#person,4,561,630,176,304,0#person,5,672,751,151,288,0
58,person,0,131,211,216,305,0#person,1,397,461,181,298,0#person,2,480,572,161,317,0#person,3,219,300,201,322,0#person,4,559,628,172,300,0#person,5,672,751,150,287,0
59,person,0,130,210,215,304,0#person,1,397,461,181,298,0#person,2,480,572,159,315,0#person,3,218,299,201,322,0#person,4,556,629,170,305,0#person,5,673,752,152,289,0
60,person,0,131,211,216,305,0#person,1,396,460,182,299,0#person,2,476,568,160,316,0#person,3,218,299,200,321,0#person,5,659,738,155,292,0
61,person,0,131,211,215,304,0#person,1,394,458,181,298,0#person,2,477,565,162,311,0#person,3,218,299,200,321,0#person,5,662,741,161,298,0
62,person,0,130,210,215,304,0#person,1,394,458,182,299,0#person,2,474,562,162,311,0#person,3,218,299,200,321,0#person,5,662,741,163,300,0
63,person,0,130,210,215,304,0#person,1,393,457,181,298,0#person,2,472,560,161,310,0#person,3,219,300,200,321,0#person,5,661,740,165,302,0
64,person,0,131,211,215,304,0#person,1,393,457,181,298,0#person,2,472,560,160,309,0#person,3,218,299,199,320,0#person,5,660,739,165,302,0
65,person,0,131,211,215,304,0#person,1,393,457,182,299,0#person,2,472,560,163,312,0#person,3,218,299,199,320,0#person,5,659,738,167,304,0
66,person,0,130,210,215,304,0#person,1,392,456,181,298,0#person,2,471,559,162,311,0#person,3,218,299,199,320,0#person,5,645,720,170,300,0
67,person,0,131,211,215,304,0#person,1,392,456,181,298,0#person,2,473,561,169,318,0#person,3,218,299,200,321,0#person,5,649,724,172,302,0
68,person,0,131,211,215,304,0#person,1,393,457,181,298,0#person,2,476,564,168,317,0#person,3,218,299,200,321,0#person,5,651,722,174,298,0
69,person,0,130,210,215,304,0#person,1,393,457,181,298,0#person,2,475,567,163,319,0#person,3,218,299,199,320,0#person,5,646,721,174,304,0
70,person,0,131,211,216,305,0#person,1,393,457,182,299,0#person,2,474,566,162,318,0#person,3,218,299,199,320,0#person,5,629,704,163,293,0
71,person,0,131,211,216,305,0#person,1,393,457,180,297,0#person,2,472,569,158,322,0#person,3,219,300,200,321,0#person,5,634,709,167,297,0
72,person,0,130,210,216,305,0#person,1,393,457,181,298,0#person,2,474,571,159,323,0#person,3,218,299,200,321,0#person,5,633,708,173,303,0
73,person,0,131,211,216,305,0#person,1,393,457,181,298,0#person,2,472,569,159,323,0#person,3,217,298,200,321,0#person,5,631,706,176,306,0
74,person,0,131,211,216,305,0#person,1,393,457,179,296,0#person,2,472,569,162,326,0#person,3,219,300,200,321,0#person,5,626,701,176,306,0
75,person,0,130,210,216,305,0#person,1,393,457,179,296,0#person,2,473,570,160,324,0#person,3,218,299,201,322,0#person,5,626,701,175,305,0
76,person,0,131,211,216,305,0#person,1,392,456,179,296,0#person,2,471,568,159,323,0#person,3,218,299,200,321,0#person,5,623,698,174,304,0
77,person,0,131,211,216,305,0#person,1,393,457,179,296,0#person,2,471,568,160,324,0#person,3,217,298,201,322,0#person,5,620,699,170,306,0
78,person,0,130,210,216,305,0#person,1,392,456,179,296,0#person,2,469,566,161,325,0#person,3,219,300,200,321,0#person,5,604,687,162,305,0
79,person,0,130,210,217,306,0#person,1,392,456,179,296,0#person,2,469,566,159,323,0#person,3,218,299,201,322,0#person,5,610,693,167,310,0
80,person,0,129,209,216,305,0#person,1,393,457,181,298,0#person,2,470,567,158,322,0#person,3,218,299,200,321,0#person,5,608,691,164,307,0
81,person,0,130,210,217,306,0#person,1,394,458,180,297,0#person,2,467,564,157,321,0#person,3,218,299,201,322,0#person,5,606,689,163,306,0
82,person,0,130,210,217,306,0#person,1,395,459,180,297,0#person,2,468,565,156,320,0#person,3,219,300,201,322,0#person,5,600,683,162,305,0
83,person,0,130,210,216,305,0#person,1,394,461,177,300,0#person,2,466,563,153,317,0#person,3,218,299,200,321,0#person,5,597,680,163,306,0
84,person,0,128,208,215,304,0#person,1,394,461,176,299,0#person,2,466,563,153,317,0#person,3,219,300,201,322,0#person,5,592,679,163,313,0
85,person,0,127,207,216,305,0#person,1,394,461,176,299,0#person,2,465,562,153,317,0#person,3,218,299,200,321,0#person,5,589,676,164,314,0
86,person,0,127,207,216,305,0#person,1,395,462,176,299,0#person,2,464,561,152,316,0#person,3,219,300,201,322,0#person,5,585,672,163,313,0
87,person,0,131,211,216,305,0#person,1,396,460,178,295,0#person,2,463,560,151,315,0#person,3,218,299,200,321,0#person,5,582,674,161,319,0
88,person,0,135,215,214,303,0#person,1,395,459,177,294,0#person,2,462,559,152,316,0#person,3,219,300,201,322,0#person,5,578,670,158,316,0
89,person,1,395,459,177,294,0#person,2,461,558,151,315,0#person,3,218,299,200,321,0#person,5,576,668,157,315,0
90,person,1,393,457,180,297,0#person,2,460,557,151,315,0#person,3,218,299,200,321,0#person,5,574,666,157,315,0
91,person,1,394,458,182,299,0#person,2,458,555,151,315,0#person,3,219,300,200,321,0#person,5,569,661,157,315,0
92,person,1,393,457,178,295,0#person,2,457,554,151,315,0#person,3,218,299,201,322,0#person,5,567,659,156,314,0
93,person,1,394,458,177,294,0#person,2,454,556,146,318,0#person,3,219,300,201,322,0#person,5,565,657,156,314,0
94,person,1,398,459,181,292,0#person,2,451,553,144,316,0#person,3,218,299,201,322,0#person,5,565,652,162,312,0
95,person,1,397,458,182,293,0#person,2,450,552,144,316,0#person,3,218,299,200,321,0#person,5,562,649,163,313,0
96,person,1,396,457,179,290,0#person,2,449,551,148,320,0#person,3,218,299,200,321,0#person,5,560,647,161,311,0
97,person,1,397,458,180,291,0#person,2,448,550,146,318,0#person,3,220,301,200,321,0#person,5,558,645,163,313,0#person,0,121,254,5,411,0
98,person,1,397,458,180,291,0#person,2,447,554,143,324,0#person,3,222,303,201,322,0#person,5,556,639,167,310,0#person,0,125,258,5,411,0
99,person,1,397,458,181,292,0#person,2,447,554,142,323,0#person,5,552,635,168,311,0#person,0,130,263,10,416,0
100,person,1,395,456,179,290,0#person,2,446,553,142,323,0#person,5,549,632,167,310,0#person,0,136,269,12,418,0
101,person,1,394,455,178,289,0#person,2,443,550,142,323,0#person,5,547,630,165,308,0#person,0,138,271,6,412,0
102,person,1,391,452,178,289,0#person,2,442,549,141,322,0#person,5,543,626,164,307,0#person,0,140,273,3,409,0
103,person,1,388,452,174,291,0#person,2,440,547,145,326,0#person,5,539,622,163,306,0#person,0,150,277,10,397,0
104,person,1,385,452,170,293,0#person,2,441,548,143,324,0#person,5,535,618,163,306,0#person,0,159,286,11,398,0
105,person,1,390,457,181,304,0#person,2,439,546,140,321,0#person,5,533,616,163,306,0#person,0,166,299,2,408,0
106,person,1,393,460,182,305,0#person,2,435,547,131,321,0#person,5,530,613,163,306,0#person,0,177,310,3,409,0
107,person,1,396,460,181,298,0#person,2,433,545,131,321,0#person,5,526,609,162,305,0#person,0,188,321,11,417,0
108,person,1,394,458,176,293,0#person,2,437,544,134,315,0#person,5,523,610,158,308,0#person,0,196,329,13,419,0
109,person,1,395,459,176,293,0#person,2,438,545,133,314,0#person,5,517,604,160,310,0#person,0,200,333,13,419,0
110,person,1,396,460,176,293,0#person,2,439,546,133,314,0#person,5,517,604,161,311,0#person,0,202,342,3,429,0
111,person,1,385,442,184,299,0#person,2,450,521,136,332,0#person,0,211,321,19,403,0
112,person,1,392,449,183,298,0#person,2,453,524,135,331,0#person,0,223,333,16,400,0
113,person,1,392,449,195,310,0#person,2,453,524,136,332,0#person,0,231,336,26,392,0#person,4,518,602,153,311,0
114,person,1,390,447,195,310,0#person,2,452,523,137,333,0#person,0,238,338,37,385,0#person,4,522,606,158,316,0
115,person,1,389,446,194,309,0#person,2,453,524,136,332,0#person,0,243,343,38,386,0#person,4,522,606,158,316,0
116,person,1,385,442,193,308,0#person,2,451,522,137,333,0#person,0,247,352,28,394,0#person,4,519,603,157,315,0
117,person,1,381,438,192,307,0#person,2,451,522,135,331,0#person,0,253,358,32,398,0#person,4,518,602,158,316,0
118,person,1,380,440,188,309,0#person,2,451,526,132,338,0#person,0,260,360,37,385,0#person,4,520,604,158,316,0
119,person,1,375,435,185,306,0#person,2,450,525,131,337,0#person,0,263,368,26,392,0#person,4,519,603,158,316,0
120,person,1,370,433,184,311,0#person,2,451,526,131,337,0#person,0,269,374,26,392,0#person,4,518,602,160,318,0
121,person,1,369,432,184,311,0#person,2,449,524,129,335,0#person,0,274,379,28,394,0#person,4,517,601,159,317,0
122,person,2,449,524,128,334,0#person,0,280,385,27,393,0#person,4,517,601,161,319,0
123,person,2,448,523,131,337,0#person,0,283,388,26,392,0#person,4,516,600,159,317,0
124,person,2,446,521,131,337,0#person,0,286,391,28,394,0#person,4,515,599,160,318,0
125,person,2,449,520,138,334,0#person,0,294,399,28,394,0#person,4,515,599,160,318,0
126,person,2,447,522,133,339,0#person,0,303,403,41,389,0#person,4,514,598,161,319,0
127,person,2,447,522,133,339,0#person,0,309,409,44,392,0#person,4,513,597,160,318,0
128,person,2,447,518,136,332,0#person,0,314,414,44,392,0#person,4,513,597,160,318,0
129,person,2,447,518,138,334,0#person,0,319,419,43,391,0#person,1,211,288,193,285,0
130,person,2,447,522,132,338,0#person,0,326,421,44,376,0#person,1,216,293,194,286,0
131,person,2,449,520,137,333,0#person,0,330,425,53,385,0#person,1,217,294,193,285,0
132,person,2,449,520,143,339,0#person,0,334,429,55,387,0#person,1,217,294,193,285,0
133,person,2,448,523,138,344,0#person,0,337,437,41,389,0#person,1,217,294,193,285,0
134,person,2,448,523,135,341,0#person,0,340,440,34,382,0#person,1,217,294,193,285,0
135,person,2,447,522,140,346,0#person,0,347,442,40,372,0#person,1,218,295,193,285,0
136,person,2,446,521,134,340,0#person,0,351,446,42,374,0#person,1,217,294,193,285,0
137,person,2,445,520,131,337,0#person,0,358,448,55,371,0#person,1,218,295,193,285,0
138,person,2,443,521,121,337,0#person,0,363,453,60,376,0#person,1,218,295,193,285,0
139,person,2,443,521,120,336,0#person,0,365,455,61,377,0#person,1,217,294,193,285,0
140,person,2,446,521,121,327,0#person,0,367,462,47,379,0#person,1,218,295,194,286,0
141,person,2,447,522,123,329,0#person,0,373,468,53,385,0#person,1,218,295,194,286,0
142,person,2,448,523,124,330,0#person,0,377,472,48,380,0#person,1,218,295,194,286,0
143,person,2,450,525,123,329,0#person,0,385,475,53,369,0#person,1,219,296,194,286,0
144,person,2,453,528,123,329,0#person,0,393,479,60,361,0#person,1,219,296,194,286,0
145,person,0,400,482,64,351,0
146,person,0,406,488,68,355,0
147,person,0,412,498,67,368,0
148,person,0,419,505,74,375,0
149,person,0,425,507,77,364,0
150,person,0,428,510,80,367,0
151,person,0,432,514,83,370,0
152,person,0,438,520,81,368,0
153,person,0,441,523,79,366,0
154,person,0,445,527,80,367,0
155,person,0,449,531,78,365,0
156,person,0,454,532,91,364,0
157,person,0,457,531,100,360,0
158,person,0,459,533,101,361,0
159,person,0,462,536,101,361,0
160,person,0,466,540,97,357,0
161,person,0,474,545,98,346,0
162,person,0,480,551,94,342,0
163,person,0,483,557,88,348,0
164,person,0,489,563,92,352,0
165,person,0,495,569,96,356,0
166,person,0,497,568,95,343,0
167,person,0,499,570,94,342,0
168,person,0,502,573,92,340,0#person,2,404,499,106,343,0
169,person,0,505,579,87,347,0#person,2,413,508,106,343,0
170,person,0,508,586,87,360,0#person,2,415,510,105,342,0
171,person,0,515,593,95,368,0#person,2,414,509,105,342,0
172,person,0,521,599,94,367,0#person,2,414,509,108,345,0
173,person,0,525,603,93,366,0#person,2,418,508,113,339,0
174,person,0,529,607,92,365,0#person,2,418,508,114,340,0
175,person,0,534,608,90,350,0#person,2,416,506,112,338,0
176,person,0,535,609,89,349,0#person,2,414,509,106,343,0
177,person,0,539,610,95,343,0#person,2,413,508,104,341,0
178,person,0,541,612,94,342,0#person,2,415,510,104,341,0#person,3,114,269,43,383,0
179,person,0,541,612,97,345,0#person,2,415,510,106,343,0#person,3,113,268,55,395,0
180,person,0,545,616,100,348,0#person,2,415,510,103,340,0#person,3,113,268,55,395,0
181,person,0,548,619,102,350,0#person,2,416,511,104,341,0#person,3,117,265,66,390,0
182,person,0,551,619,104,340,0#person,2,416,511,105,342,0#person,3,118,266,69,393,0
183,person,0,554,622,104,340,0#person,2,415,510,106,343,0#person,3,115,270,60,400,0
184,person,0,557,625,104,340,0#person,2,414,509,107,344,0#person,3,115,270,61,401,0
185,person,0,560,628,105,341,0#person,2,413,508,108,345,0#person,3,114,269,59,399,0
186,person,0,561,629,105,341,0#person,2,413,508,105,342,0#person,3,115,270,58,398,0
187,person,0,564,632,104,340,0#person,2,413,508,104,341,0#person,3,116,271,59,399,0
188,person,0,566,637,99,347,0#person,2,413,508,101,338,0#person,3,116,271,59,399,0
189,person,0,569,640,103,351,0#person,2,410,510,95,344,0#person,3,116,271,59,399,0
190,person,0,570,641,102,350,0#person,2,410,510,94,343,0#person,3,118,273,58,398,0
191,person,0,573,644,102,350,0#person,2,409,509,93,342,0#person,3,126,274,66,390,0
192,person,0,575,646,106,354,0#person,2,409,509,94,343,0#person,3,128,276,66,390,0
193,person,0,579,650,109,357,0#person,2,409,509,94,343,0#person,3,131,279,66,390,0
194,person,0,581,652,107,355,0#person,2,408,508,95,344,0#person,3,134,282,67,391,0
195,person,0,584,658,96,356,0#person,2,409,509,98,347,0#person,3,136,284,67,391,0
196,person,0,587,658,105,353,0#person,2,408,508,100,349,0#person,3,136,284,68,392,0
197,person,0,589,663,98,358,0#person,2,410,505,105,342,0#person,3,139,287,71,395,0
198,person,0,592,663,102,350,0#person,2,411,506,106,343,0#person,3,139,287,73,397,0
199,person,0,594,662,108,344,0#person,2,410,505,103,340,0#person,3,142,290,75,399,0
200,person,0,597,665,108,344,0#person,2,409,504,101,338,0#person,3,139,294,66,406,0
201,person,0,598,666,109,345,0#person,2,409,504,99,336,0#person,3,140,295,66,406,0
202,person,0,600,668,111,347,0#person,2,409,504,99,336,0#person,3,141,296,69,409,0
203,person,0,603,667,119,344,0#person,2,407,502,97,334,0#person,3,141,296,68,408,0
204,person,0,605,669,118,343,0#person,2,409,504,96,333,0#person,3,136,299,59,416,0
205,person,0,607,671,117,342,0#person,2,406,506,92,341,0#person,3,138,301,56,413,0
206,person,0,610,671,120,334,0#person,2,408,508,94,343,0#person,3,146,301,68,408,0
207,person,0,612,673,119,333,0#person,2,407,507,95,344,0#person,3,146,301,69,409,0
208,person,0,613,674,117,331,0#person,2,406,506,96,345,0#person,3,149,304,68,408,0
209,person,0,615,676,116,330,0#person,2,406,506,96,345,0#person,3,153,308,72,412,0
210,person,0,617,678,116,330,0#person,2,406,506,96,345,0#person,3,156,311,67,407,0
211,person,0,619,680,116,330,0#person,2,404,504,92,341,0#person,3,165,313,78,402,0
212,person,0,624,682,117,321,0#person,2,403,503,90,339,0#person,3,204,317,83,365,0
213,person,0,625,686,114,328,0#person,2,403,503,89,338,0#person,3,207,320,90,372,0
214,person,0,629,687,120,324,0#person,2,403,503,87,336,0#person,3,210,323,89,371,0
215,person,0,634,692,121,325,0#person,2,402,502,87,336,0#person,3,213,326,91,373,0
216,person,0,638,696,128,332,0#person,2,400,500,88,337,0#person,3,217,330,94,376,0
217,person,0,641,699,132,336,0#person,2,400,500,87,336,0#person,3,220,333,89,371,0
218,person,0,645,703,130,334,0#person,2,400,500,89,338,0#person,3,221,334,87,369,0
219,person,0,647,708,125,339,0#person,2,399,499,92,341,0#person,3,224,337,90,372,0
220,person,0,650,711,124,338,0#person,2,399,499,92,341,0#person,3,226,339,93,375,0
221,person,0,653,714,126,340,0#person,2,396,496,93,342,0#person,3,226,339,103,385,0
222,person,0,656,714,130,334,0#person,2,396,496,92,341,0#person,3,225,344,90,386,0
223,person,0,659,717,131,335,0#person,2,395,495,90,339,0#person,3,225,350,96,407,0
224,person,0,662,718,140,334,0#person,2,394,494,88,337,0#person,3,229,354,81,392,0
225,person,0,666,722,139,333,0#person,2,393,493,85,334,0#person,3,230,355,83,394,0
226,person,0,668,724,140,334,0#person,2,392,492,83,332,0#person,3,233,352,90,386,0
227,person,0,672,725,144,329,0#person,2,392,492,84,333,0#person,3,232,351,107,403,0
228,person,0,677,730,144,329,0#person,2,391,491,84,333,0#person,3,235,348,119,401,0
229,person,0,682,735,142,327,0#person,2,387,492,77,338,0#person,3,239,347,128,397,0
230,person,0,688,744,137,331,0#person,2,386,491,80,341,0#person,3,241,349,128,397,0
231,person,0,691,749,131,335,0#person,2,385,490,82,343,0#person,3,243,351,106,375,0
232,person,0,695,753,128,332,0#person,2,384,489,84,345,0#person,3,248,350,109,365,0
233,person,0,700,758,128,332,0#person,2,387,487,89,338,0#person,3,248,350,112,368,0
234,person,0,704,762,127,331,0#person,2,386,486,88,337,0#person,3,249,351,110,366,0
235,person,0,708,769,126,340,0#person,2,384,489,79,340,0#person,3,251,353,104,360,0
236,person,0,710,774,124,349,0#person,2,382,487,77,338,0#person,3,246,354,98,367,0
237,person,0,715,779,121,346,0#person,2,379,484,75,336,0#person,3,246,354,99,368,0
238,person,0,722,783,127,341,0#person,2,378,483,74,335,0#person,3,252,354,104,360,0
239,person,0,730,794,130,355,0#person,2,376,486,67,341,0#person,3,252,354,106,362,0
240,person,0,736,804,115,351,0#person,2,374,484,66,340,0#person,3,254,356,112,368,0
241,person,0,742,806,124,349,0#person,2,373,483,68,342,0#person,3,257,359,111,367,0
242,person,2,371,486,62,350,0#person,3,259,361,109,364,0
243,person,2,366,487,57,359,0#person,3,259,361,108,363,0
244,person,2,364,485,58,360,0#person,3,260,362,106,361,0
245,person,2,361,482,57,359,0#person,3,262,364,106,361,0
246,person,2,362,483,56,358,0#person,3,263,365,106,361,0
247,person,2,358,485,47,365,0#person,3,263,365,105,360,0
248,person,2,358,485,44,362,0#person,3,264,361,109,352,0
249,person,2,357,484,43,361,0#person,3,265,362,110,353,0
250,person,2,359,480,48,350,0#person,3,263,360,111,354,0
251,person,2,357,478,47,349,0#person,0,128,204,205,287,0#person,1,213,285,195,286,0
252,person,2,357,478,48,350,0#person,0,129,205,208,290,0#person,1,219,291,195,286,0
253,person,2,352,479,39,357,0#person,0,129,205,209,291,0#person,1,220,292,197,288,0
254,person,2,351,478,43,361,0#person,0,129,205,209,291,0#person,1,219,291,197,288,0
255,person,2,347,481,37,370,0#person,0,129,205,208,290,0#person,1,221,293,196,287,0
256,person,2,350,477,45,363,0#person,0,129,205,208,290,0#person,1,222,294,198,289,0
257,person,2,351,478,47,365,0#person,0,129,205,209,291,0#person,1,224,296,199,290,0
258,person,2,351,478,44,362,0#person,0,129,205,207,289,0#person,1,224,296,199,290,0
259,person,2,352,479,41,359,0#person,0,128,204,209,291,0#person,1,227,296,199,286,0
260,person,2,351,478,40,358,0#person,0,128,204,208,290,0#person,1,226,295,200,287,0
261,person,2,347,481,30,363,0#person,0,128,204,209,291,0#person,1,225,294,198,285,0
262,person,2,343,477,29,362,0#person,0,128,204,210,292,0#person,1,224,293,199,286,0
263,person,2,340,480,19,369,0#person,0,128,204,209,291,0#person,1,227,296,198,285,0
264,person,2,337,477,20,370,0#person,0,129,205,210,292,0#person,1,225,294,199,286,0
265,person,2,336,476,19,369,0#person,0,128,204,211,293,0#person,1,224,293,199,286,0
266,person,2,329,476,14,382,0#person,0,129,205,211,293,0#person,1,225,294,199,286,0
267,person,2,326,473,15,383,0#person,0,127,203,210,292,0#person,1,224,293,199,286,0
268,person,2,326,466,25,375,0#person,0,130,202,212,290,0#person,1,223,292,199,286,0
269,person,2,326,460,33,366,0#person,0,130,202,212,290,0#person,1,224,293,199,286,0
270,person,2,322,456,33,366,0#person,0,129,201,212,290,0#person,1,223,292,199,286,0
271,person,2,321,455,31,364,0#person,0,129,201,212,290,0#person,1,224,293,200,287,0
272,person,2,319,453,27,360,0#person,0,130,202,212,290,0#person,1,225,294,201,288,0
273,person,2,315,449,25,358,0#person,0,129,201,212,290,0#person,1,224,293,200,287,0
274,person,2,310,450,15,365,0#person,0,130,202,212,290,0#person,1,224,293,200,287,0
275,person,2,305,445,14,364,0#person,0,130,202,211,289,0#person,1,224,293,203,290,0
276,person,2,298,445,5,373,0#person,0,128,204,209,291,0#person,1,221,293,200,291,0
277,person,2,301,441,14,364,0#person,0,128,204,210,292,0#person,1,220,292,201,292,0
278,person,2,300,440,18,368,0#person,0,129,205,210,292,0#person,1,217,289,200,291,0
279,person,2,298,438,20,370,0#person,0,128,204,209,291,0#person,1,214,286,205,296,0
280,person,2,295,435,21,371,0#person,0,128,204,209,291,0#person,1,210,282,206,297,0
281,person,2,291,431,21,371,0#person,0,129,205,210,292,0#person,1,207,279,205,296,0
282,person,2,289,429,21,371,0#person,0,128,204,210,292,0#person,1,204,276,206,297,0
283,person,2,286,426,18,368,0#person,0,128,204,210,292,0#person,1,201,273,208,299,0
284,person,2,282,422,15,365,0#person,0,128,204,211,293,0#person,1,201,273,211,302,0
285,person,2,276,416,13,363,0#person,0,129,205,211,293,0#person,1,199,271,211,302,0#person,3,407,536,85,359,0
286,person,2,267,414,2,370,0#person,0,128,204,210,292,0#person,1,195,267,211,302,0#person,3,411,540,92,366,0
287,person,2,258,413,0,386,0#person,0,129,205,210,292,0#person,1,194,266,212,303,0#person,3,407,536,90,364,0
288,person,2,251,406,0,386,0#person,0,129,205,210,292,0#person,1,199,271,214,305,0#person,3,401,530,88,362,0
289,person,2,246,401,1,387,0#person,0,127,203,210,292,0#person,1,200,272,218,309,0#person,3,399,528,87,361,0
290,person,2,245,392,3,371,0#person,0,128,204,211,293,0#person,1,200,269,227,314,0#person,3,397,526,88,362,0
291,person,2,244,384,15,365,0#person,0,127,203,210,292,0#person,1,196,265,226,313,0#person,3,397,526,88,362,0
292,person,2,238,378,17,367,0#person,0,128,204,210,292,0#person,1,191,260,227,314,0#person,3,395,530,85,373,0
293,person,2,232,372,17,367,0#person,0,128,204,211,293,0#person,1,187,256,226,313,0#person,3,394,529,85,373,0
294,person,2,221,368,8,376,0#person,0,127,203,210,292,0#person,1,186,255,227,314,0#person,3,393,528,86,374,0
295,person,2,213,360,5,373,0#person,0,126,202,211,293,0#person,1,184,256,224,315,0#person,3,391,526,86,374,0
296,person,2,202,357,0,386,0#person,0,126,202,212,294,0#person,1,163,235,223,314,0#person,3,393,528,87,375,0
297,person,2,197,352,0,386,0#person,0,124,200,212,294,0#person,1,160,232,225,316,0#person,3,394,529,86,374,0
298,person,2,188,350,-1,404,0#person,0,126,202,215,297,0#person,1,158,230,222,313,0#person,3,394,529,86,374,0
299,person,2,174,345,-24,402,0#person,0,125,201,215,297,0#person,1,150,226,222,318,0#person,3,390,525,84,372,0
300,person,2,167,338,-32,394,0#person,0,125,201,219,301,0#person,1,140,219,216,316,0#person,3,388,523,82,370,0
301,person,2,159,330,-33,393,0#person,0,127,203,219,301,0#person,1,128,207,216,316,0#person,3,388,523,81,369,0
302,person,2,153,324,-34,392,0#person,0,126,206,223,309,0#person,1,124,203,215,315,0#person,3,387,522,81,369,0
303,person,2,143,322,-43,404,0#person,0,128,204,229,311,0#person,1,123,202,215,315,0#person,3,386,521,83,371,0
304,person,2,141,312,-29,397,0#person,0,127,203,228,310,0#person,1,119,198,225,325,0#person,3,385,520,85,373,0
305,person,2,135,306,-29,397,0#person,0,121,197,229,311,0#person,1,114,190,228,324,0#person,3,385,520,86,374,0
306,person,2,130,301,-29,397,0#person,0,117,193,233,315,0#person,1,107,183,225,321,0#person,3,387,522,88,376,0
307,person,2,123,294,-30,396,0#person,0,112,188,235,317,0#person,1,103,179,225,321,0#person,3,384,519,91,379,0
308,person,2,113,284,-28,398,0#person,0,104,180,238,320,0#person,1,97,173,224,320,0#person,3,381,516,92,380,0
309,person,2,108,279,-30,396,0#person,0,87,163,229,311,0#person,1,83,159,224,320,0#person,3,373,515,80,382,0
310,person,2,100,271,-34,392,0#person,0,70,146,203,285,0#person,1,71,147,223,319,0#person,3,371,513,80,382,0
311,person,2,96,267,-34,392,0#person,0,58,134,205,287,0#person,1,60,136,221,317,0#person,3,363,505,77,379,0
312,person,2,89,260,-32,394,0#person,0,47,123,191,273,0#person,1,59,135,217,313,0#person,3,357,499,76,378,0
313,person,2,85,256,-30,396,0#person,0,35,111,198,280,0#person,1,49,128,213,313,0#person,3,353,495,74,376,0
314,person,2,79,250,-26,400,0#person,0,28,104,201,283,0#person,1,33,109,216,312,0#person,3,348,490,72,374,0
315,person,2,76,247,-28,398,0#person,0,18,94,210,292,0#person,1,29,105,217,313,0#person,3,349,484,74,362,0
316,person,2,72,243,-28,398,0#person,0,11,87,212,294,0#person,1,23,99,220,316,0#person,3,342,484,67,369,0
317,person,3,341,483,67,369,0#person,1,210,293,194,318,0
318,person,3,341,483,70,372,0#person,1,212,295,194,318,0
319,person,3,341,483,74,376,0#person,1,211,294,194,318,0
320,person,3,341,483,76,378,0#person,1,212,295,194,318,0
321,person,3,339,481,73,375,0#person,1,211,294,194,318,0
322,person,3,318,460,71,373,0#person,1,212,295,194,318,0
323,person,3,327,469,72,374,0#person,1,212,295,195,319,0
324,person,3,324,466,71,373,0#person,1,210,293,195,319,0
325,person,3,322,464,70,372,0#person,1,211,294,195,319,0
326,person,3,319,461,70,372,0#person,1,210,293,195,319,0
327,person,3,318,460,68,370,0#person,1,210,293,195,319,0#person,0,146,200,208,287,0
328,person,3,311,460,59,376,0#person,1,210,293,195,319,0#person,0,140,194,208,287,0
329,person,3,310,459,61,378,0#person,1,211,294,195,319,0#person,0,140,194,209,288,0
330,person,3,305,454,61,378,0#person,1,210,293,195,319,0#person,0,140,194,209,288,0
331,person,3,303,452,63,380,0#person,1,211,294,195,319,0#person,0,140,194,210,289,0
332,person,3,303,452,66,383,0#person,1,210,293,194,318,0#person,0,139,193,210,289,0
333,person,3,298,447,68,385,0#person,1,210,293,194,318,0#person,0,139,193,210,289,0
334,person,3,295,444,67,384,0#person,1,211,294,194,318,0#person,0,139,193,209,288,0
335,person,3,288,437,68,385,0#person,1,211,294,194,318,0#person,0,139,193,210,289,0
336,person,3,281,430,66,383,0#person,1,210,293,195,319,0#person,0,140,194,208,287,0
337,person,3,276,425,62,379,0#person,1,211,294,195,319,0#person,0,139,193,208,287,0
338,person,3,274,423,60,377,0#person,1,211,294,195,319,0#person,0,140,194,208,287,0
339,person,3,270,419,56,373,0#person,1,212,295,194,318,0#person,0,140,194,208,287,0
340,person,3,266,415,52,369,0#person,1,210,293,195,319,0#person,0,140,194,208,287,0
341,person,0,260,387,25,377,0#person,1,477,580,117,334,0#person,2,401,474,118,327,0
342,person,0,269,396,32,384,0#person,1,477,580,123,340,0#person,2,404,477,126,335,0
343,person,0,269,396,31,383,0#person,1,478,581,122,339,0#person,2,404,477,126,335,0
344,person,0,265,392,33,385,0#person,1,479,582,123,340,0#person,2,403,476,125,334,0
345,person,0,259,392,26,396,0#person,1,479,582,122,339,0#person,2,400,473,127,336,0
346,person,0,258,391,27,397,0#person,1,479,582,121,338,0#person,2,397,474,122,341,0
347,person,0,262,389,39,391,0#person,1,477,585,117,345,0#person,2,395,472,125,344,0
348,person,0,262,389,38,390,0#person,1,475,583,117,345,0#person,2,394,471,122,341,0
349,person,0,258,385,34,386,0#person,1,476,584,118,346,0#person,2,392,469,129,348,0
350,person,0,255,382,33,385,0#person,1,476,584,117,345,0#person,2,391,464,134,343,0
351,person,0,250,377,33,385,0#person,1,479,582,121,338,0#person,2,391,464,132,341,0
352,person,0,245,372,31,383,0#person,1,479,582,121,338,0#person,2,388,461,131,340,0
353,person,0,240,367,30,382,0#person,1,477,580,120,337,0#person,2,385,462,119,338,0
354,person,0,235,362,30,382,0#person,1,477,580,119,336,0#person,2,385,462,119,338,0
355,person,0,233,360,33,385,0#person,1,476,579,118,335,0#person,2,386,463,118,337,0
356,person,0,231,358,34,386,0#person,1,476,579,117,334,0#person,2,384,461,114,333,0
357,person,0,229,362,28,398,0#person,1,473,576,117,334,0#person,2,382,459,117,336,0
358,person,0,228,361,31,401,0#person,1,472,575,117,334,0#person,2,385,458,121,330,0
359,person,0,228,361,35,405,0#person,1,471,574,117,334,0#person,2,385,455,124,323,0
360,person,0,224,357,37,407,0#person,1,471,574,121,338,0#person,2,384,454,122,321,0
361,person,0,225,358,36,406,0#person,1,470,573,122,339,0#person,2,383,453,123,322,0
362,person,0,220,353,32,402,0#person,1,468,571,122,339,0#person,2,381,454,130,339,0
363,person,0,213,346,27,397,0#person,1,464,572,116,344,0#person,2,379,452,125,334,0
364,person,0,204,337,23,393,0#person,1,462,570,117,345,0#person,2,379,452,121,330,0
365,person,0,196,329,19,389,0#person,1,460,568,114,342,0#person,2,376,453,116,335,0
366,person,0,190,323,16,386,0#person,1,459,567,113,341,0#person,2,374,451,122,341,0
367,person,0,184,317,16,386,0#person,1,460,568,116,344,0#person,2,370,450,118,348,0
368,person,0,178,311,13,383,0#person,1,460,568,118,346,0#person,2,371,448,121,340,0
369,person,0,171,311,6,394,0#person,1,459,567,119,347,0#person,2,367,447,111,341,0
370,person,0,166,306,5,393,0#person,1,460,568,118,346,0#person,2,366,446,117,347,0
371,person,0,165,298,16,386,0#person,1,457,565,118,346,0#person,2,366,443,120,339,0
372,person,0,161,294,17,387,0#person,1,456,564,115,343,0#person,2,365,442,121,340,0
373,person,0,155,295,8,396,0#person,1,453,561,114,342,0#person,2,361,438,119,338,0
374,person,0,151,291,9,397,0#person,1,451,559,112,340,0#person,2,356,436,109,339,0
375,person,0,148,288,7,395,0#person,1,447,555,110,338,0#person,2,356,436,108,338,0
376,person,0,139,286,0,407,0#person,1,442,556,103,342,0#person,2,352,437,105,347,0
377,person,0,137,284,1,408,0#person,1,440,554,103,342,0#person,2,351,436,104,346,0
378,person,0,134,281,0,407,0#person,1,435,549,103,342,0#person,2,348,437,97,351,0
379,person,0,132,279,0,407,0#person,1,431,545,103,342,0#person,2,346,435,96,350,0
380,person,0,129,276,-1,406,0#person,1,428,542,105,344,0#person,2,348,433,103,345,0
381,person,0,125,272,-1,406,0#person,1,426,540,105,344,0#person,2,347,432,108,350,0
382,person,0,122,269,0,407,0#person,1,423,537,103,342,0#person,2,346,431,110,352,0
383,person,0,120,267,0,407,0#person,1,423,531,103,331,0#person,2,344,429,112,354,0
384,person,0,116,263,0,407,0#person,1,416,530,97,336,0#person,2,342,427,116,358,0
385,person,0,113,260,5,412,0#person,1,411,525,97,336,0#person,2,342,427,116,358,0
386,person,0,105,259,0,428,0#person,1,407,521,98,337,0#person,2,339,424,113,355,0
387,person,0,97,251,-1,427,0#person,1,405,519,95,334,0#person,2,339,424,113,355,0
388,person,0,85,247,-1,448,0#person,1,404,518,95,334,0#person,2,342,422,119,349,0
389,person,0,64,226,-28,421,0#person,1,403,517,94,333,0#person,2,341,421,118,348,0
390,person,0,57,219,-29,420,0#person,1,397,516,91,342,0#person,2,340,420,111,341,0
391,person,0,53,215,-32,417,0#person,1,395,514,91,342,0#person,2,338,418,108,338,0
392,person,0,47,209,-36,413,0#person,1,395,514,90,341,0#person,2,335,412,127,346,0
393,person,0,41,203,-39,410,0#person,1,394,513,90,341,0#person,2,333,410,129,348,0
394,person,0,30,200,-52,420,0#person,1,393,512,92,343,0#person,2,331,404,134,343,0
395,person,0,25,195,-56,416,0#person,1,392,511,91,342,0#person,2,331,401,145,344,0
396,person,0,25,187,-46,403,0#person,1,392,511,90,341,0#person,2,328,398,137,336,0
397,person,0,20,182,-46,403,0#person,1,391,510,91,342,0#person,2,325,398,125,334,0
398,person,0,14,176,-46,403,0#person,1,388,507,91,342,0#person,2,324,397,121,330,0
399,person,0,7,169,-47,402,0#person,1,385,504,89,340,0#person,2,322,399,117,336,0
400,person,0,2,164,-44,405,0#person,1,384,503,89,340,0#person,2,320,397,115,334,0
401,person,0,-3,159,-43,406,0#person,1,381,500,78,329,0#person,2,318,395,115,334,0
402,person,0,-7,147,-31,397,0#person,1,376,495,78,329,0#person,2,318,395,122,341,0
403,person,0,-13,141,-33,395,0#person,1,372,491,77,328,0#person,2,317,394,125,344,0
404,person,0,-16,138,-40,388,0#person,1,368,487,76,327,0#person,2,312,392,122,352,0
405,person,0,-19,135,-39,389,0#person,1,362,481,77,328,0#person,2,309,389,121,351,0
406,person,0,-24,130,-36,392,0#person,1,359,478,76,327,0#person,2,308,385,128,347,0
407,person,0,-25,122,-21,386,0#person,1,357,476,77,328,0#person,2,303,383,123,353,0
408,person,0,-31,123,-32,396,0#person,1,351,470,88,339,0#person,2,302,382,121,351,0
409,person,0,-37,125,-40,409,0#person,1,344,469,71,335,0#person,2,296,381,114,356,0
410,person,0,-43,119,-42,407,0#person,1,342,467,70,334,0#person,2,293,378,112,354,0
411,person,0,-39,123,-43,406,0#person,1,340,465,70,334,0#person,2,292,372,115,345,0
412,person,0,-38,124,-39,410,0#person,1,337,462,83,347,0#person,2,288,368,85,348,0
413,person,0,-43,119,-37,412,0#person,1,336,461,88,352,0#person,2,287,367,101,364,0
414,person,0,-52,110,-39,410,0#person,1,336,461,85,349,0#person,2,282,362,105,368,0
415,person,0,-59,95,-38,390,0#person,1,334,459,88,352,0#person,2,280,360,107,370,0
416,person,0,-65,97,-59,390,0#person,1,326,457,82,359,0#person,2,273,357,102,378,0
417,person,0,-76,86,-56,393,0#person,1,321,452,80,357,0#person,2,271,351,106,369,0
418,person,0,-122,48,-80,392,0#person,1,316,447,79,356,0#person,2,269,345,109,359,0
419,person,0,-132,38,-102,370,0#person,1,320,445,92,356,0#person,2,264,337,113,352,0
420,person,0,-53,117,-96,376,0#person,1,316,441,92,356,0#person,2,257,333,110,360,0
421,person,0,-41,129,-90,382,0#person,1,294,419,70,334,0#person,2,252,332,100,363,0
422,person,0,-30,132,-116,333,0#person,1,286,411,69,333,0#person,2,247,331,91,367,0
423,person,0,-27,135,-93,356,0#person,1,275,406,61,338,0#person,2,244,328,71,347,0
424,person,0,-21,133,-73,355,0#person,1,267,405,54,345,0#person,2,242,326,59,335,0
425,person,1,259,397,56,347,0
426,person,1,252,390,60,351,0
427,person,1,241,379,55,346,0
428,person,1,230,368,61,352,0
429,person,1,215,360,58,363,0
430,person,1,209,347,59,350,0
431,person,1,203,341,61,352,0
432,person,1,199,330,64,341,0
433,person,1,191,322,57,334,0
434,person,1,184,315,60,337,0
435,person,1,177,308,57,334,0
436,person,1,170,301,57,334,0
437,person,1,164,295,55,332,0
438,person,1,153,284,55,332,0
439,person,1,144,275,58,335,0
440,person,1,135,266,58,335,0
441,person,1,127,258,58,335,0
442,person,1,119,250,58,335,0#person,0,347,452,118,329,0
443,person,1,111,242,57,334,0#person,0,360,465,122,333,0
444,person,1,100,231,57,334,0#person,0,359,464,121,332,0
445,person,1,91,222,58,335,0#person,0,359,464,119,330,0
446,person,1,83,208,62,326,0#person,0,358,463,123,334,0
447,person,1,76,201,62,326,0#person,0,359,464,124,335,0
448,person,1,68,193,62,326,0#person,0,358,463,123,334,0
449,person,1,62,187,64,328,0#person,0,358,463,124,335,0
450,person,1,58,177,68,319,0#person,0,358,463,126,337,0
451,person,1,51,170,70,321,0#person,0,356,461,125,336,0
452,person,1,44,163,70,321,0#person,0,353,463,119,341,0
453,person,1,34,153,69,320,0#person,0,352,462,117,339,0
454,person,1,23,142,70,321,0#person,0,352,462,118,340,0
455,person,1,12,131,71,322,0#person,0,353,463,117,339,0
456,person,1,0,125,64,328,0#person,0,352,462,114,336,0
457,person,0,351,461,115,337,0
458,person,0,354,459,119,330,0
459,person,0,354,459,121,332,0
460,person,0,358,458,126,327,0
461,person,0,358,458,128,329,0
462,person,2,356,456,129,329,0#person,0,127,203,207,286,0#person,1,211,292,193,287,0
463,person,2,358,458,131,331,0#person,0,126,202,209,288,0#person,1,213,294,194,288,0
464,person,2,358,458,130,330,0#person,0,127,203,209,288,0#person,1,214,295,194,288,0
465,person,2,357,457,130,330,0#person,0,126,202,208,287,0#person,1,213,294,195,289,0
466,person,2,358,458,131,331,0#person,0,126,202,208,287,0#person,1,214,295,195,289,0
467,person,2,357,457,132,332,0#person,0,127,203,209,288,0#person,1,215,296,195,289,0
468,person,2,358,458,133,333,0#person,0,128,204,208,287,0#person,1,214,295,194,288,0
469,person,2,357,457,132,332,0#person,0,127,203,209,288,0#person,1,214,295,195,289,0
470,person,2,358,458,132,332,0#person,0,126,202,208,287,0#person,1,215,296,194,288,0
471,person,2,357,457,133,333,0#person,0,127,203,209,288,0#person,1,216,297,194,288,0
472,person,2,355,455,133,333,0#person,0,126,202,209,288,0#person,1,215,296,194,288,0
473,person,2,354,454,133,333,0#person,0,126,202,210,289,0#person,1,216,297,194,288,0
474,person,2,352,457,128,338,0#person,0,127,203,210,289,0#person,1,215,296,194,288,0
475,person,2,352,457,128,338,0#person,0,126,202,209,288,0#person,1,215,296,194,288,0
476,person,2,349,454,128,338,0#person,0,127,203,209,288,0#person,1,215,296,194,288,0
477,person,2,350,455,127,337,0#person,0,127,203,210,289,0#person,1,215,296,194,288,0
478,person,2,349,454,128,338,0#person,0,126,202,210,289,0#person,1,215,296,194,288,0
479,person,2,347,452,128,338,0#person,0,127,203,209,288,0#person,1,215,296,194,288,0
480,person,2,346,451,126,336,0#person,0,126,202,209,288,0#person,1,214,295,194,288,0
481,person,2,341,446,122,332,0#person,0,127,203,210,289,0#person,1,215,296,193,287,0
482,person,2,339,444,120,330,0#person,0,126,202,210,289,0#person,1,216,297,193,287,0
483,person,2,336,441,115,325,0#person,0,127,203,210,289,0#person,1,216,297,193,287,0
484,person,2,333,438,113,323,0#person,0,126,202,209,288,0#person,1,216,297,193,287,0
485,person,2,334,434,116,316,0#person,0,126,202,209,288,0#person,1,216,297,193,287,0
486,person,2,333,433,115,315,0#person,0,127,203,209,288,0#person,1,216,297,193,287,0
487,person,2,330,435,107,317,0#person,0,126,202,210,289,0#person,1,215,296,193,287,0
488,person,2,329,439,108,328,0#person,0,127,203,210,289,0#person,1,216,297,193,287,0
489,person,2,331,436,108,318,0#person,0,126,202,210,289,0#person,1,215,296,193,287,0
490,person,2,329,439,111,331,0#person,0,127,203,210,289,0#person,1,217,298,193,287,0
491,person,2,331,441,112,332,0#person,0,126,202,210,289,0#person,1,216,297,193,287,0
492,person,2,330,440,112,332,0#person,0,127,203,210,289,0#person,1,217,298,193,287,0
493,person,2,328,438,108,328,0#person,0,126,202,210,289,0#person,1,217,298,193,287,0
494,person,2,328,438,113,333,0#person,0,127,203,210,289,0#person,1,216,297,193,287,0
495,person,2,326,436,114,334,0#person,0,126,202,210,289,0#person,1,216,297,193,287,0
496,person,2,325,435,114,334,0#person,0,127,203,211,290,0#person,1,217,298,193,287,0
497,person,2,323,433,116,336,0#person,0,126,202,209,288,0#person,1,216,297,193,287,0
498,person,2,321,431,117,337,0#person,0,126,202,209,288,0#person,1,216,297,193,287,0
499,person,2,317,427,115,335,0#person,0,126,202,209,288,0#person,1,216,297,193,287,0
500,person,2,313,423,112,332,0#person,0,127,203,210,289,0#person,1,216,297,193,287,0
501,person,2,311,421,114,334,0#person,0,126,202,211,290,0#person,1,216,297,193,287,0
502,person,2,311,421,115,335,0#person,0,127,203,211,290,0#person,1,216,297,193,287,0
503,person,2,309,419,113,333,0#person,0,126,202,210,289,0#person,1,216,297,193,287,0
504,person,2,308,418,112,332,0#person,0,127,203,209,288,0#person,1,217,298,193,287,0
505,person,2,305,415,113,333,0#person,0,126,202,209,288,0#person,1,216,297,193,287,0
506,person,2,304,414,111,331,0#person,0,127,203,209,288,0#person,1,216,297,193,287,0
507,person,2,304,414,110,330,0#person,0,126,202,209,288,0#person,1,216,297,193,287,0
508,person,2,305,410,114,324,0#person,0,127,203,210,289,0#person,1,216,297,193,287,0
509,person,2,305,410,116,326,0#person,0,127,203,209,288,0#person,1,216,297,193,287,0
510,person,2,301,411,111,331,0#person,0,126,202,210,289,0#person,1,216,297,193,287,0
511,person,2,301,411,111,331,0#person,0,127,203,210,289,0#person,1,217,298,193,287,0
512,person,2,299,409,113,333,0#person,0,127,203,210,289,0#person,1,216,297,193,287,0
513,person,2,299,409,113,333,0#person,0,126,202,211,290,0#person,1,217,298,193,287,0
514,person,2,298,408,115,335,0#person,0,127,203,211,290,0#person,1,216,297,193,287,0
515,person,2,297,407,112,332,0#person,0,126,202,211,290,0#person,1,218,299,193,287,0
516,person,2,296,406,113,333,0#person,0,127,203,211,290,0#person,1,219,300,193,287,0
517,person,2,297,407,117,337,0#person,0,126,202,210,289,0#person,1,217,298,193,287,0
518,person,2,296,406,119,339,0#person,0,126,202,211,290,0#person,1,218,299,194,288,0
519,person,2,294,404,119,339,0#person,0,127,203,212,291,0#person,1,217,298,194,288,0
520,person,2,294,404,120,340,0#person,0,126,202,211,290,0#person,1,218,299,194,288,0
521,person,2,293,403,120,340,0#person,0,127,203,212,291,0#person,1,219,300,194,288,0
522,person,2,289,399,116,336,0#person,0,126,202,212,291,0#person,1,218,299,194,288,0
523,person,2,284,394,117,337,0#person,0,125,201,212,291,0#person,1,219,300,194,288,0
524,person,2,281,391,116,336,0#person,0,125,201,212,291,0#person,1,219,300,194,288,0
525,person,2,277,387,113,333,0#person,0,125,201,212,291,0#person,1,219,300,194,288,0
526,person,2,272,388,107,339,0#person,0,126,202,212,291,0#person,1,220,301,194,288,0
527,person,2,269,385,107,339,0#person,0,127,203,212,291,0#person,1,219,300,194,288,0
528,person,2,267,383,105,337,0#person,0,125,201,213,292,0#person,1,219,300,193,287,0
529,person,2,263,379,106,338,0#person,0,125,201,213,292,0#person,1,219,300,194,288,0
530,person,2,259,375,109,341,0#person,0,126,202,211,290,0#person,1,218,299,194,288,0
531,person,2,255,371,115,347,0#person,0,126,202,212,291,0#person,1,216,297,194,288,0
532,person,2,250,366,118,350,0#person,0,126,202,213,292,0#person,1,215,296,193,287,0
533,person,2,244,360,118,350,0#person,0,125,201,212,291,0#person,1,210,291,194,288,0
534,person,2,237,353,117,349,0#person,0,125,201,212,291,0#person,1,208,289,196,290,0
535,person,2,232,348,117,349,0#person,0,125,201,212,291,0#person,1,207,288,195,289,0
536,person,2,225,341,118,350,0#person,0,125,201,212,291,0
537,person,2,217,333,116,348,0#person,0,126,202,211,290,0
538,person,2,208,324,112,344,0#person,0,126,202,212,291,0
539,person,2,201,317,114,346,0#person,0,126,202,211,290,0
540,person,2,195,311,113,345,0#person,0,126,202,211,290,0
541,person,0,187,309,115,357,0
542,person,0,182,304,114,356,0
543,person,0,178,300,114,356,0
544,person,0,176,298,117,359,0
545,person,0,172,294,118,360,0
546,person,0,170,286,125,355,0
547,person,0,162,278,128,358,0
548,person,0,157,273,130,360,0
549,person,0,149,265,135,365,0
550,person,0,141,257,139,369,0
551,person,0,101,255,81,374,0
552,person,0,95,249,82,375,0
553,person,0,87,241,83,376,0
554,person,0,79,233,81,374,0
555,person,0,80,234,81,374,0
556,person,0,78,232,84,377,0
557,person,0,75,229,85,378,0